0.000000	4005	1.000000	1.000000	89.000000	1.000000	1.000000
0.010000	4005	1.000000	1.000000	89.000000	1.000000	1.000000
0.020000	4005	1.000000	1.000000	89.000000	1.000000	1.000000
0.030000	4004	0.999750	0.999750	88.977778	1.000000	1.000250
0.040000	4004	0.999750	0.999750	88.977778	1.000000	1.000250
0.050000	4003	0.999501	0.999500	88.955556	1.000000	1.000499
0.060000	4003	0.999501	0.999500	88.955556	1.000000	1.000499
0.070000	4002	0.999251	0.999250	88.933333	1.000000	1.000749
0.080000	4001	0.999001	0.999000	88.911111	1.000000	1.000999
0.090000	3997	0.998002	0.998013	88.822222	1.000000	1.001998
0.100000	3995	0.997503	0.997503	88.777778	1.000000	1.002497
0.110000	3990	0.996255	0.996251	88.666667	1.000000	1.003745
0.120000	3986	0.995256	0.995258	88.577778	1.000000	1.004744
0.130000	3981	0.994007	0.994019	88.466667	1.000000	1.005993
0.140000	3976	0.992759	0.992712	88.355556	1.000000	1.007241
0.150000	3974	0.992260	0.992257	88.311111	1.000000	1.007740
0.160000	3968	0.990762	0.990852	88.177778	1.000000	1.009238
0.170000	3962	0.989263	0.989205	88.044444	1.000000	1.010737
0.180000	3947	0.985518	0.985485	87.711111	1.000000	1.014482
0.190000	3937	0.983021	0.982974	87.488889	1.000000	1.016979
0.200000	3925	0.980025	0.979902	87.222222	1.000000	1.019975
0.210000	3913	0.977029	0.977125	86.955556	1.000000	1.022971
0.220000	3904	0.974782	0.974862	86.755556	1.000000	1.025218
0.230000	3887	0.970537	0.970564	86.377778	1.000000	1.029463
0.240000	3874	0.967291	0.967246	86.088889	1.000000	1.032709
0.250000	3846	0.960300	0.960278	85.466667	1.000000	1.039700
0.260000	3820	0.953808	0.953635	84.888889	1.000000	1.046192
0.270000	3797	0.948065	0.948148	84.377778	1.000000	1.051935
0.280000	3763	0.939576	0.939669	83.622222	1.000000	1.060424
0.290000	3734	0.932335	0.931981	82.977778	1.000000	1.067665
0.300000	3696	0.922846	0.922614	82.133333	1.000000	1.077154
0.310000	3661	0.914107	0.913790	81.355556	1.000000	1.085893
0.320000	3625	0.905119	0.905476	80.555556	1.000000	1.094881
0.330000	3576	0.892884	0.892716	79.466667	1.000000	1.107116
0.340000	3526	0.880400	0.879863	78.355556	1.000000	1.119600
0.350000	3450	0.861423	0.862066	76.666667	1.000000	1.138577
0.360000	3378	0.843446	0.843703	75.066667	1.000000	1.156554
0.370000	3293	0.822222	0.822034	73.177778	1.000000	1.177778
0.380000	3209	0.801248	0.801005	71.311111	1.000000	1.198752
0.390000	3122	0.779526	0.779206	69.377778	1.000000	1.220474
0.400000	3013	0.752310	0.751026	66.955556	1.000000	1.247690
0.410000	2897	0.723346	0.725135	64.377778	1.000000	1.276654
0.420000	2792	0.697129	0.695524	62.044444	1.000000	1.302871
0.430000	2647	0.660924	0.662543	58.822222	1.000000	1.339076
0.440000	2542	0.634707	0.632142	56.488889	1.000000	1.365293
0.450000	2427	0.605993	0.605333	53.933333	1.000000	1.394007
0.460000	2293	0.572534	0.573055	50.955556	1.000000	1.427466
0.470000	2150	0.536829	0.539591	47.777778	1.000000	1.463171
0.480000	2022	0.504869	0.500761	44.933333	1.000000	1.495131
0.490000	1871	0.467166	0.467458	41.577778	1.000000	1.532834
0.500000	1757	0.438702	0.441646	39.044444	1.000000	1.561298
0.510000	1618	0.403995	0.404105	35.955556	1.000000	1.596005
0.520000	1495	0.373283	0.371802	33.222222	1.000000	1.626717
0.530000	1377	0.343820	0.337738	30.600000	1.000000	1.656180
0.540000	1272	0.317603	0.320376	28.266667	1.000000	1.682397
0.550000	1163	0.290387	0.293645	25.844444	1.000000	1.709863
0.560000	1075	0.268414	0.264493	23.888889	1.000000	1.732335
0.570000	982	0.245194	0.250977	21.822222	1.000000	1.758052
0.580000	899	0.224469	0.231672	19.977778	1.000000	1.782022
0.590000	823	0.205493	0.204708	18.288889	1.000000	1.809488
0.600000	742	0.185268	0.187965	16.488889	1.000000	1.848439
0.610000	667	0.166542	0.165814	14.822222	1.000000	1.906617
0.620000	613	0.153059	0.151103	13.622222	1.000000	1.944819
0.630000	557	0.139076	0.129989	12.377778	1.000000	2.010986
0.640000	506	0.126342	0.128567	11.244444	1.000000	2.082147
0.650000	470	0.117353	0.116445	10.444444	1.000000	2.130836
0.660000	425	0.106117	0.103936	9.444444	1.000000	2.232709
0.670000	382	0.095381	0.103615	8.488889	1.000000	2.313109
0.680000	348	0.086891	0.069163	7.733333	1.000000	2.391760
0.690000	321	0.080150	0.098362	7.133333	2.000000	2.471399
0.700000	295	0.073658	0.062132	6.555556	1.000000	2.554557
0.710000	268	0.066916	0.055024	5.955556	1.000000	2.704869
0.720000	247	0.061673	0.050368	5.488889	2.000000	2.759959
0.730000	213	0.053184	0.029012	4.733333	1.000000	3.096380
0.740000	197	0.049189	0.041517	4.377778	1.000000	3.169288
0.750000	170	0.042447	0.022646	3.777778	2.000000	3.495148
0.760000	149	0.037203	0.031878	3.311111	5.000000	2.514917
0.770000	135	0.033708	0.029577	3.000000	7.000000	4.122777
0.780000	123	0.030712	0.016455	2.733333	6.000000	4.315686
0.790000	112	0.027965	0.012593	2.488889	10.000000	2.643671
0.800000	97	0.024220	0.000000	2.155556	10.000000	2.248751
0.810000	87	0.021723	0.025556	1.933333	19.000000	2.334023
0.820000	72	0.017978	0.000000	1.600000	22.000000	2.159398
0.830000	60	0.014981	0.000000	1.333333	32.000000	1.805368
0.840000	51	0.012734	0.000000	1.133333	39.000000	1.805062
0.850000	46	0.011486	0.000000	1.022222	44.000000	1.506142
0.860000	40	0.009988	0.000000	0.888889	50.000000	1.485926
0.870000	35	0.008739	0.000000	0.777778	55.000000	1.190000
0.880000	28	0.006991	0.000000	0.622222	62.000000	1.381818
0.890000	23	0.005743	0.000000	0.511111	67.000000	1.177778
0.900000	17	0.004245	0.000000	0.377778	73.000000	1.116667
0.910000	14	0.003496	0.000000	0.311111	76.000000	1.025641
0.920000	8	0.001998	0.000000	0.177778	82.000000	1.166667
0.930000	7	0.001748	0.000000	0.155556	83.000000	1.055556
0.940000	2	0.000499	0.000000	0.044444	88.000000	1.000000
0.950000	0	0.000000	0.000000	0.000000	90.000000	0.
0.960000	0	0.000000	0.000000	0.000000	90.000000	0.
0.970000	0	0.000000	0.000000	0.000000	90.000000	0.
0.980000	0	0.000000	0.000000	0.000000	90.000000	0.
0.990000	0	0.000000	0.000000	0.000000	90.000000	0.
1.000000	0	0.000000	0.000000	0.000000	90.000000	0.
