0.000000	1.000000	1.000000	1.000000	1.000000	1.000000	1.000000	1.000000	1.000000
0.010000	1.000000	1.000000	1.000000	1.000000	1.000000	1.000000	1.000000	1.000000
0.020000	1.000000	1.000000	1.000000	1.000000	1.000000	1.000000	1.000000	1.000000
0.030000	0.999750	0.999500	1.000250	1.000499	0.999750	0.999500	1.000500	1.000500
0.040000	0.999750	0.999500	1.000250	1.000499	0.999750	0.999500	1.000500	1.000500
0.050000	0.999506	1.000000	1.000499	1.000000	0.999506	1.000000	0.999007	0.999007
0.060000	0.999506	0.999750	1.000499	1.000250	0.999506	0.999750	0.999506	0.999506
0.070000	0.999262	0.999500	1.000749	1.000499	0.999261	0.999500	0.999512	0.999511
0.080000	0.999024	0.998755	1.000999	1.001248	0.999022	0.998754	1.000519	1.000518
0.090000	0.998097	0.997251	1.001998	1.002747	0.998091	0.997250	1.001597	1.001592
0.100000	0.997632	0.997004	1.002497	1.002996	0.997622	0.997003	1.001127	1.001119
0.110000	0.996463	0.996275	1.003745	1.003745	0.996444	0.996272	1.000189	1.000172
0.120000	0.995548	0.995235	1.004744	1.004744	0.995521	0.995233	1.000314	1.000288
0.130000	0.994425	0.994269	1.005993	1.005743	0.994384	0.994265	0.999909	0.999871
0.140000	0.993281	0.992005	1.007241	1.007990	0.993225	0.992002	1.002030	1.001977
0.150000	0.992831	0.989280	1.007740	1.010737	0.992769	0.989273	1.006574	1.006517
0.160000	0.991535	0.990323	1.009238	1.009738	0.991453	0.990316	1.001719	1.001643
0.170000	0.990254	0.989026	1.010737	1.010986	0.990141	0.989021	1.001490	1.001380
0.180000	0.987281	0.988586	1.014482	1.011486	0.987068	0.988577	0.995731	0.995525
0.190000	0.985288	0.982314	1.016979	1.017728	0.984993	0.982303	1.003766	1.003477
0.200000	0.983091	0.980516	1.019975	1.019476	0.982658	0.980504	1.002135	1.001706
0.210000	0.980820	0.979595	1.022971	1.020474	0.980271	0.979587	0.998806	0.998256
0.220000	0.979013	0.973356	1.025218	1.026467	0.978401	0.973350	1.007037	1.006413
0.230000	0.975864	0.969276	1.029463	1.030712	0.975072	0.969265	1.008018	1.007211
0.240000	0.973504	0.971879	1.032709	1.027965	0.972634	0.971872	0.997071	0.996186
0.250000	0.968825	0.960840	1.039700	1.039201	0.967568	0.960821	1.007826	1.006538
0.260000	0.964240	0.958196	1.046192	1.041698	0.962764	0.958192	1.001985	1.000455
0.270000	0.960712	0.954455	1.051935	1.045443	0.958987	0.954436	1.000344	0.998567
0.280000	0.955325	0.939377	1.060424	1.060674	0.953166	0.939344	1.017216	1.014953
0.290000	0.951155	0.929621	1.067665	1.069913	0.948642	0.929606	1.025318	1.022625
0.300000	0.945206	0.927984	1.077154	1.072160	0.942226	0.927930	1.013836	1.010699
0.310000	0.939667	0.915381	1.085893	1.084644	0.936508	0.915338	1.025352	1.021952
0.320000	0.934579	0.898712	1.094881	1.101373	0.931039	0.898649	1.046076	1.042187
0.330000	0.927014	0.888402	1.107116	1.111111	0.922628	0.888355	1.047228	1.042328
0.340000	0.920954	0.880445	1.119600	1.119600	0.916198	0.880313	1.046009	1.040764
0.350000	0.909691	0.868461	1.138577	1.131086	0.903491	0.868384	1.040584	1.033583
0.360000	0.900539	0.851478	1.156554	1.147566	0.892463	0.851408	1.049398	1.040074
0.370000	0.890200	0.822222	1.177778	1.177029	0.880305	0.822283	1.081988	1.069882
0.380000	0.879596	0.799709	1.198752	1.199750	0.867693	0.799707	1.100811	1.085919
0.390000	0.866303	0.783015	1.220474	1.217978	0.852898	0.782843	1.104105	1.087259
0.400000	0.851254	0.752234	1.247690	1.247940	0.836125	0.752084	1.131861	1.111966
0.410000	0.837827	0.729242	1.276654	1.272160	0.820686	0.728726	1.144856	1.122228
0.420000	0.822249	0.700643	1.302871	1.301873	0.804488	0.700148	1.172663	1.148145
0.430000	0.803706	0.659787	1.339076	1.338077	0.784172	0.659780	1.217221	1.187650
0.440000	0.789621	0.626036	1.365293	1.373034	0.770771	0.625649	1.268454	1.238937
0.450000	0.774694	0.593223	1.394257	1.406242	0.753779	0.592981	1.317132	1.282096
0.460000	0.757285	0.571015	1.429713	1.427466	0.735563	0.570913	1.324122	1.286373
0.470000	0.740034	0.527810	1.466167	1.473658	0.716124	0.527990	1.409248	1.363250
0.480000	0.731794	0.511772	1.506866	1.488140	0.700408	0.511803	1.412152	1.351503
0.490000	0.717300	0.470478	1.549813	1.530087	0.680301	0.470353	1.505216	1.427956
0.500000	0.706610	0.453090	1.579276	1.549064	0.665158	0.452963	1.529703	1.440368
0.510000	0.692296	0.410488	1.621723	1.586017	0.645259	0.410292	1.649386	1.538057
0.520000	0.677582	0.363497	1.661174	1.628964	0.628248	0.363604	1.827923	1.694330
0.530000	0.669888	0.355201	1.711111	1.648689	0.616354	0.354967	1.817144	1.673029
0.540000	0.652124	0.315249	1.763296	1.679900	0.603351	0.316277	1.970762	1.817442
0.550000	0.640122	0.292606	1.827715	1.709363	0.591119	0.291496	2.045998	1.896568
0.560000	0.631686	0.264834	1.878901	1.738077	0.581517	0.264944	2.206439	2.030359
0.570000	0.623118	0.224647	1.962547	1.779775	0.571851	0.223408	2.515443	2.321293
0.580000	0.614515	0.224837	2.033958	1.778527	0.558830	0.223461	2.389924	2.186742
0.590000	0.590871	0.202644	2.113109	1.799001	0.547312	0.202885	2.482387	2.296651
0.600000	0.577903	0.177329	2.209238	1.851436	0.535743	0.175046	2.731120	2.564898
0.610000	0.571565	0.169710	2.331336	1.888390	0.524672	0.170500	2.728013	2.492580
0.620000	0.558654	0.143786	2.420974	2.005993	0.522925	0.142520	3.219325	3.040207
0.630000	0.563105	0.132075	2.585768	2.005993	0.528184	0.133401	3.307570	3.071603
0.640000	0.560235	0.134477	2.691885	2.086142	0.536033	0.134398	3.228560	3.090903
0.650000	0.546014	0.101197	2.813483	2.237203	0.547153	0.102538	4.290387	4.243108
0.660000	0.529460	0.121175	1.948276	2.168040	0.556004	0.117270	4.862240	5.276025
0.670000	0.504665	0.103436	2.072753	2.327840	0.568750	0.101004	5.479457	6.323977
0.680000	0.508063	0.076004	1.732786	2.402247	0.581556	0.081880	9.267317	9.846575
0.690000	0.490208	0.061416	2.180301	2.468664	0.597350	0.062197	9.037459	10.874439
0.700000	0.476314	0.071695	2.302189	2.627466	0.626885	0.081081	7.582298	8.823978
0.710000	0.414771	0.065358	1.999498	2.629469	0.643505	0.051358	8.345539	16.477556
0.720000	0.440760	0.052841	2.262772	2.711361	0.675174	0.060530	9.994869	13.365775
0.730000	0.428342	0.062274	1.728323	2.844444	0.704883	0.065728	11.320196	17.649859
0.740000	0.384317	0.030440	1.923370	3.244637	0.721154	0.036685	21.298377	33.162353
0.750000	0.359005	0.031799	1.628822	3.339122	0.745631	0.053985	23.144414	28.314769
0.760000	0.320291	0.057196	1.404246	3.522217	0.754470	0.055369	14.046032	34.178012
0.770000	0.275306	0.034048	1.310234	4.143277	0.754286	0.036855	25.569648	64.719356
0.780000	0.266198	0.032222	1.242544	2.675965	0.733558	0.043478	17.791755	36.335495
0.790000	0.252380	0.043280	1.190147	4.296296	0.739563	0.047619	21.050261	56.064512
0.800000	0.239233	0.028307	1.152050	2.305225	0.721925	0.028302	16.911065	51.040977
0.810000	0.193254	0.000000	1.127947	2.476745	0.649819	0.000000	0.000000	0.000000
0.820000	0.162381	0.000000	1.096737	1.866871	0.581152	0.000000	0.000000	0.000000
0.830000	0.155926	0.000000	1.102725	1.933510	0.527778	0.000000	0.000000	0.000000
0.840000	0.150741	0.000000	1.097354	1.575092	0.567568	0.000000	0.000000	0.000000
0.850000	0.102593	0.000000	1.152222	1.526169	0.523810	0.000000	0.000000	0.000000
0.860000	0.071111	0.025926	1.140351	1.632601	0.489796	0.073171	3.926853	9.583392
0.870000	0.064815	0.000000	1.159477	1.316825	0.500000	0.000000	0.000000	0.000000
0.880000	0.044444	0.000000	1.129167	1.320000	0.600000	0.000000	0.000000	0.000000
0.890000	0.044444	0.000000	1.095238	1.055556	0.750000	0.000000	0.000000	0.000000
0.900000	0.037037	0.000000	1.041667	1.247619	0.666667	0.000000	0.000000	0.000000
0.910000	0.000000	0.000000	1.066667	1.111111	0.000000	0.000000	0.000000	0.000000
0.920000	0.000000	0.000000	1.111111	1.000000	0.000000	0.000000	0.000000	0.000000
0.930000	0.000000	0.000000	1.133333	1.055556	0.000000	0.000000	0.000000	0.000000
0.940000	0.000000	0.000000	1.000000	1.000000	0.000000	0.000000	0.000000	0.000000
0.950000	0.000000	0.000000	0.	0.	0.000000	0.000000	0.000000	0.000000
0.960000	0.000000	0.000000	0.	0.	0.000000	0.000000	0.000000	0.000000
0.970000	0.000000	0.000000	0.	0.	0.000000	0.000000	0.000000	0.000000
0.980000	0.000000	0.000000	0.	0.	0.000000	0.000000	0.000000	0.000000
0.990000	0.000000	0.000000	0.	0.	0.000000	0.000000	0.000000	0.000000
1.000000	0.000000	0.000000	0.	0.	0.000000	0.000000	0.000000	0.000000
