0	0.250000	1
1	0.250000	1
2	0.250000	1
3	0.250000	1
4	0.250000	1
5	0.250000	1
6	0.250000	1
7	0.250000	1
8	0.250000	1
9	0.250000	1
10	0.250000	1
11	0.250000	1
12	0.250000	1
13	0.250000	1
14	0.250000	1
15	0.250000	1
16	0.250000	1
17	0.250000	1
18	0.250000	1
19	0.250000	1
20	0.250000	1
21	0.250000	1
22	0.250000	1
23	0.250000	1
24	0.250000	1
25	0.250000	1
26	0.250000	1
27	0.250000	1
28	0.250000	1
29	0.250000	1
30	0.250000	1
31	0.250000	1
32	0.250000	1
33	0.250000	1
34	0.250000	1
35	0.250000	1
36	0.250000	1
37	0.250000	1
38	0.250000	1
39	0.250000	1
40	0.250000	1
41	0.250000	1
42	0.250000	1
43	0.250000	1
44	0.250000	1
45	0.250000	1
46	0.250000	1
47	0.250000	1
48	0.250000	1
49	0.250000	1
50	0.250000	1
51	0.250000	1
52	0.250000	1
53	0.250000	1
54	0.250000	1
55	0.250000	1
56	0.250000	1
57	0.250000	1
58	0.250000	1
59	0.250000	1
60	0.250000	1
61	0.250000	1
62	0.250000	1
63	0.250000	1
64	0.250000	1
65	0.250000	1
66	0.250000	1
67	0.250000	1
68	0.250000	1
69	0.250000	1
70	0.250000	1
71	0.250000	1
72	0.250000	1
73	0.250000	1
74	0.250000	1
75	0.250000	1
76	0.250000	1
77	0.250000	1
78	0.250000	1
79	0.250000	1
80	0.250000	1
81	0.250000	1
82	0.250000	1
83	0.250000	1
84	0.250000	1
85	0.250000	1
86	0.250000	1
87	0.250000	1
88	0.250000	1
89	0.250000	1
0	0.260000	1
1	0.260000	1
2	0.260000	1
3	0.260000	1
4	0.260000	1
5	0.260000	1
6	0.260000	1
7	0.260000	1
8	0.260000	1
9	0.260000	1
10	0.260000	1
11	0.260000	1
12	0.260000	1
13	0.260000	1
14	0.260000	1
15	0.260000	1
16	0.260000	1
17	0.260000	1
18	0.260000	1
19	0.260000	1
20	0.260000	1
21	0.260000	1
22	0.260000	1
23	0.260000	1
24	0.260000	1
25	0.260000	1
26	0.260000	1
27	0.260000	1
28	0.260000	1
29	0.260000	1
30	0.260000	1
31	0.260000	1
32	0.260000	1
33	0.260000	1
34	0.260000	1
35	0.260000	1
36	0.260000	1
37	0.260000	1
38	0.260000	1
39	0.260000	1
40	0.260000	1
41	0.260000	1
42	0.260000	1
43	0.260000	1
44	0.260000	1
45	0.260000	1
46	0.260000	1
47	0.260000	1
48	0.260000	1
49	0.260000	1
50	0.260000	1
51	0.260000	1
52	0.260000	1
53	0.260000	1
54	0.260000	1
55	0.260000	1
56	0.260000	1
57	0.260000	1
58	0.260000	1
59	0.260000	1
60	0.260000	1
61	0.260000	1
62	0.260000	1
63	0.260000	1
64	0.260000	1
65	0.260000	1
66	0.260000	1
67	0.260000	1
68	0.260000	1
69	0.260000	1
70	0.260000	1
71	0.260000	1
72	0.260000	1
73	0.260000	1
74	0.260000	1
75	0.260000	1
76	0.260000	1
77	0.260000	1
78	0.260000	1
79	0.260000	1
80	0.260000	1
81	0.260000	1
82	0.260000	1
83	0.260000	1
84	0.260000	1
85	0.260000	1
86	0.260000	1
87	0.260000	1
88	0.260000	1
89	0.260000	1
0	0.270000	1
1	0.270000	1
2	0.270000	1
3	0.270000	1
4	0.270000	1
5	0.270000	1
6	0.270000	1
7	0.270000	1
8	0.270000	1
9	0.270000	1
10	0.270000	1
11	0.270000	1
12	0.270000	1
13	0.270000	1
14	0.270000	1
15	0.270000	1
16	0.270000	1
17	0.270000	1
18	0.270000	1
19	0.270000	1
20	0.270000	1
21	0.270000	1
22	0.270000	1
23	0.270000	1
24	0.270000	1
25	0.270000	1
26	0.270000	1
27	0.270000	1
28	0.270000	1
29	0.270000	1
30	0.270000	1
31	0.270000	1
32	0.270000	1
33	0.270000	1
34	0.270000	1
35	0.270000	1
36	0.270000	1
37	0.270000	1
38	0.270000	1
39	0.270000	1
40	0.270000	1
41	0.270000	1
42	0.270000	1
43	0.270000	1
44	0.270000	1
45	0.270000	1
46	0.270000	1
47	0.270000	1
48	0.270000	1
49	0.270000	1
50	0.270000	1
51	0.270000	1
52	0.270000	1
53	0.270000	1
54	0.270000	1
55	0.270000	1
56	0.270000	1
57	0.270000	1
58	0.270000	1
59	0.270000	1
60	0.270000	1
61	0.270000	1
62	0.270000	1
63	0.270000	1
64	0.270000	1
65	0.270000	1
66	0.270000	1
67	0.270000	1
68	0.270000	1
69	0.270000	1
70	0.270000	1
71	0.270000	1
72	0.270000	1
73	0.270000	1
74	0.270000	1
75	0.270000	1
76	0.270000	1
77	0.270000	1
78	0.270000	1
79	0.270000	1
80	0.270000	1
81	0.270000	1
82	0.270000	1
83	0.270000	1
84	0.270000	1
85	0.270000	1
86	0.270000	1
87	0.270000	1
88	0.270000	1
89	0.270000	1
0	0.280000	1
1	0.280000	1
2	0.280000	1
3	0.280000	1
4	0.280000	1
5	0.280000	1
6	0.280000	1
7	0.280000	1
8	0.280000	1
9	0.280000	1
10	0.280000	1
11	0.280000	1
12	0.280000	1
13	0.280000	1
14	0.280000	1
15	0.280000	1
16	0.280000	1
17	0.280000	1
18	0.280000	1
19	0.280000	1
20	0.280000	1
21	0.280000	1
22	0.280000	1
23	0.280000	1
24	0.280000	1
25	0.280000	1
26	0.280000	1
27	0.280000	1
28	0.280000	1
29	0.280000	1
30	0.280000	1
31	0.280000	1
32	0.280000	1
33	0.280000	1
34	0.280000	1
35	0.280000	1
36	0.280000	1
37	0.280000	1
38	0.280000	1
39	0.280000	1
40	0.280000	1
41	0.280000	1
42	0.280000	1
43	0.280000	1
44	0.280000	1
45	0.280000	1
46	0.280000	1
47	0.280000	1
48	0.280000	1
49	0.280000	1
50	0.280000	1
51	0.280000	1
52	0.280000	1
53	0.280000	1
54	0.280000	1
55	0.280000	1
56	0.280000	1
57	0.280000	1
58	0.280000	1
59	0.280000	1
60	0.280000	1
61	0.280000	1
62	0.280000	1
63	0.280000	1
64	0.280000	1
65	0.280000	1
66	0.280000	1
67	0.280000	1
68	0.280000	1
69	0.280000	1
70	0.280000	1
71	0.280000	1
72	0.280000	1
73	0.280000	1
74	0.280000	1
75	0.280000	1
76	0.280000	1
77	0.280000	1
78	0.280000	1
79	0.280000	1
80	0.280000	1
81	0.280000	1
82	0.280000	1
83	0.280000	1
84	0.280000	1
85	0.280000	1
86	0.280000	1
87	0.280000	1
88	0.280000	1
89	0.280000	1
0	0.290000	1
1	0.290000	1
2	0.290000	1
3	0.290000	1
4	0.290000	1
5	0.290000	1
6	0.290000	1
7	0.290000	1
8	0.290000	1
9	0.290000	1
10	0.290000	1
11	0.290000	1
12	0.290000	1
13	0.290000	1
14	0.290000	1
15	0.290000	1
16	0.290000	1
17	0.290000	1
18	0.290000	1
19	0.290000	1
20	0.290000	1
21	0.290000	1
22	0.290000	1
23	0.290000	1
24	0.290000	1
25	0.290000	1
26	0.290000	1
27	0.290000	1
28	0.290000	1
29	0.290000	1
30	0.290000	1
31	0.290000	1
32	0.290000	1
33	0.290000	1
34	0.290000	1
35	0.290000	1
36	0.290000	1
37	0.290000	1
38	0.290000	1
39	0.290000	1
40	0.290000	1
41	0.290000	1
42	0.290000	1
43	0.290000	1
44	0.290000	1
45	0.290000	1
46	0.290000	1
47	0.290000	1
48	0.290000	1
49	0.290000	1
50	0.290000	1
51	0.290000	1
52	0.290000	1
53	0.290000	1
54	0.290000	1
55	0.290000	1
56	0.290000	1
57	0.290000	1
58	0.290000	1
59	0.290000	1
60	0.290000	1
61	0.290000	1
62	0.290000	1
63	0.290000	1
64	0.290000	1
65	0.290000	1
66	0.290000	1
67	0.290000	1
68	0.290000	1
69	0.290000	1
70	0.290000	1
71	0.290000	1
72	0.290000	1
73	0.290000	1
74	0.290000	1
75	0.290000	1
76	0.290000	1
77	0.290000	1
78	0.290000	1
79	0.290000	1
80	0.290000	1
81	0.290000	1
82	0.290000	1
83	0.290000	1
84	0.290000	1
85	0.290000	1
86	0.290000	1
87	0.290000	1
88	0.290000	1
89	0.290000	1
0	0.300000	1
1	0.300000	1
2	0.300000	1
3	0.300000	1
4	0.300000	1
5	0.300000	1
6	0.300000	1
7	0.300000	1
8	0.300000	1
9	0.300000	1
10	0.300000	1
11	0.300000	1
12	0.300000	1
13	0.300000	1
14	0.300000	1
15	0.300000	1
16	0.300000	1
17	0.300000	1
18	0.300000	1
19	0.300000	1
20	0.300000	1
21	0.300000	1
22	0.300000	1
23	0.300000	1
24	0.300000	1
25	0.300000	1
26	0.300000	1
27	0.300000	1
28	0.300000	1
29	0.300000	1
30	0.300000	1
31	0.300000	1
32	0.300000	1
33	0.300000	1
34	0.300000	1
35	0.300000	1
36	0.300000	1
37	0.300000	1
38	0.300000	1
39	0.300000	1
40	0.300000	1
41	0.300000	1
42	0.300000	1
43	0.300000	1
44	0.300000	1
45	0.300000	1
46	0.300000	1
47	0.300000	1
48	0.300000	1
49	0.300000	1
50	0.300000	1
51	0.300000	1
52	0.300000	1
53	0.300000	1
54	0.300000	1
55	0.300000	1
56	0.300000	1
57	0.300000	1
58	0.300000	1
59	0.300000	1
60	0.300000	1
61	0.300000	1
62	0.300000	1
63	0.300000	1
64	0.300000	1
65	0.300000	1
66	0.300000	1
67	0.300000	1
68	0.300000	1
69	0.300000	1
70	0.300000	1
71	0.300000	1
72	0.300000	1
73	0.300000	1
74	0.300000	1
75	0.300000	1
76	0.300000	1
77	0.300000	1
78	0.300000	1
79	0.300000	1
80	0.300000	1
81	0.300000	1
82	0.300000	1
83	0.300000	1
84	0.300000	1
85	0.300000	1
86	0.300000	1
87	0.300000	1
88	0.300000	1
89	0.300000	1
0	0.310000	1
1	0.310000	1
2	0.310000	1
3	0.310000	1
4	0.310000	1
5	0.310000	1
6	0.310000	1
7	0.310000	1
8	0.310000	1
9	0.310000	1
10	0.310000	1
11	0.310000	1
12	0.310000	1
13	0.310000	1
14	0.310000	1
15	0.310000	1
16	0.310000	1
17	0.310000	1
18	0.310000	1
19	0.310000	1
20	0.310000	1
21	0.310000	1
22	0.310000	1
23	0.310000	1
24	0.310000	1
25	0.310000	1
26	0.310000	1
27	0.310000	1
28	0.310000	1
29	0.310000	1
30	0.310000	1
31	0.310000	1
32	0.310000	1
33	0.310000	1
34	0.310000	1
35	0.310000	1
36	0.310000	1
37	0.310000	1
38	0.310000	1
39	0.310000	1
40	0.310000	1
41	0.310000	1
42	0.310000	1
43	0.310000	1
44	0.310000	1
45	0.310000	1
46	0.310000	1
47	0.310000	1
48	0.310000	1
49	0.310000	1
50	0.310000	1
51	0.310000	1
52	0.310000	1
53	0.310000	1
54	0.310000	1
55	0.310000	1
56	0.310000	1
57	0.310000	1
58	0.310000	1
59	0.310000	1
60	0.310000	1
61	0.310000	1
62	0.310000	1
63	0.310000	1
64	0.310000	1
65	0.310000	1
66	0.310000	1
67	0.310000	1
68	0.310000	1
69	0.310000	1
70	0.310000	1
71	0.310000	1
72	0.310000	1
73	0.310000	1
74	0.310000	1
75	0.310000	1
76	0.310000	1
77	0.310000	1
78	0.310000	1
79	0.310000	1
80	0.310000	1
81	0.310000	1
82	0.310000	1
83	0.310000	1
84	0.310000	1
85	0.310000	1
86	0.310000	1
87	0.310000	1
88	0.310000	1
89	0.310000	1
0	0.320000	1
1	0.320000	1
2	0.320000	1
3	0.320000	1
4	0.320000	1
5	0.320000	1
6	0.320000	1
7	0.320000	1
8	0.320000	1
9	0.320000	1
10	0.320000	1
11	0.320000	1
12	0.320000	1
13	0.320000	1
14	0.320000	1
15	0.320000	1
16	0.320000	1
17	0.320000	1
18	0.320000	1
19	0.320000	1
20	0.320000	1
21	0.320000	1
22	0.320000	1
23	0.320000	1
24	0.320000	1
25	0.320000	1
26	0.320000	1
27	0.320000	1
28	0.320000	1
29	0.320000	1
30	0.320000	1
31	0.320000	1
32	0.320000	1
33	0.320000	1
34	0.320000	1
35	0.320000	1
36	0.320000	1
37	0.320000	1
38	0.320000	1
39	0.320000	1
40	0.320000	1
41	0.320000	1
42	0.320000	1
43	0.320000	1
44	0.320000	1
45	0.320000	1
46	0.320000	1
47	0.320000	1
48	0.320000	1
49	0.320000	1
50	0.320000	1
51	0.320000	1
52	0.320000	1
53	0.320000	1
54	0.320000	1
55	0.320000	1
56	0.320000	1
57	0.320000	1
58	0.320000	1
59	0.320000	1
60	0.320000	1
61	0.320000	1
62	0.320000	1
63	0.320000	1
64	0.320000	1
65	0.320000	1
66	0.320000	1
67	0.320000	1
68	0.320000	1
69	0.320000	1
70	0.320000	1
71	0.320000	1
72	0.320000	1
73	0.320000	1
74	0.320000	1
75	0.320000	1
76	0.320000	1
77	0.320000	1
78	0.320000	1
79	0.320000	1
80	0.320000	1
81	0.320000	1
82	0.320000	1
83	0.320000	1
84	0.320000	1
85	0.320000	1
86	0.320000	1
87	0.320000	1
88	0.320000	1
89	0.320000	1
0	0.330000	1
1	0.330000	1
2	0.330000	1
3	0.330000	1
4	0.330000	1
5	0.330000	1
6	0.330000	1
7	0.330000	1
8	0.330000	1
9	0.330000	1
10	0.330000	1
11	0.330000	1
12	0.330000	1
13	0.330000	1
14	0.330000	1
15	0.330000	1
16	0.330000	1
17	0.330000	1
18	0.330000	1
19	0.330000	1
20	0.330000	1
21	0.330000	1
22	0.330000	1
23	0.330000	1
24	0.330000	1
25	0.330000	1
26	0.330000	1
27	0.330000	1
28	0.330000	1
29	0.330000	1
30	0.330000	1
31	0.330000	1
32	0.330000	1
33	0.330000	1
34	0.330000	1
35	0.330000	1
36	0.330000	1
37	0.330000	1
38	0.330000	1
39	0.330000	1
40	0.330000	1
41	0.330000	1
42	0.330000	1
43	0.330000	1
44	0.330000	1
45	0.330000	1
46	0.330000	1
47	0.330000	1
48	0.330000	1
49	0.330000	1
50	0.330000	1
51	0.330000	1
52	0.330000	1
53	0.330000	1
54	0.330000	1
55	0.330000	1
56	0.330000	1
57	0.330000	1
58	0.330000	1
59	0.330000	1
60	0.330000	1
61	0.330000	1
62	0.330000	1
63	0.330000	1
64	0.330000	1
65	0.330000	1
66	0.330000	1
67	0.330000	1
68	0.330000	1
69	0.330000	1
70	0.330000	1
71	0.330000	1
72	0.330000	1
73	0.330000	1
74	0.330000	1
75	0.330000	1
76	0.330000	1
77	0.330000	1
78	0.330000	1
79	0.330000	1
80	0.330000	1
81	0.330000	1
82	0.330000	1
83	0.330000	1
84	0.330000	1
85	0.330000	1
86	0.330000	1
87	0.330000	1
88	0.330000	1
89	0.330000	1
0	0.340000	1
1	0.340000	1
2	0.340000	1
3	0.340000	1
4	0.340000	1
5	0.340000	1
6	0.340000	1
7	0.340000	1
8	0.340000	1
9	0.340000	1
10	0.340000	1
11	0.340000	1
12	0.340000	1
13	0.340000	1
14	0.340000	1
15	0.340000	1
16	0.340000	1
17	0.340000	1
18	0.340000	1
19	0.340000	1
20	0.340000	1
21	0.340000	1
22	0.340000	1
23	0.340000	1
24	0.340000	1
25	0.340000	1
26	0.340000	1
27	0.340000	1
28	0.340000	1
29	0.340000	1
30	0.340000	1
31	0.340000	1
32	0.340000	1
33	0.340000	1
34	0.340000	1
35	0.340000	1
36	0.340000	1
37	0.340000	1
38	0.340000	1
39	0.340000	1
40	0.340000	1
41	0.340000	1
42	0.340000	1
43	0.340000	1
44	0.340000	1
45	0.340000	1
46	0.340000	1
47	0.340000	1
48	0.340000	1
49	0.340000	1
50	0.340000	1
51	0.340000	1
52	0.340000	1
53	0.340000	1
54	0.340000	1
55	0.340000	1
56	0.340000	1
57	0.340000	1
58	0.340000	1
59	0.340000	1
60	0.340000	1
61	0.340000	1
62	0.340000	1
63	0.340000	1
64	0.340000	1
65	0.340000	1
66	0.340000	1
67	0.340000	1
68	0.340000	1
69	0.340000	1
70	0.340000	1
71	0.340000	1
72	0.340000	1
73	0.340000	1
74	0.340000	1
75	0.340000	1
76	0.340000	1
77	0.340000	1
78	0.340000	1
79	0.340000	1
80	0.340000	1
81	0.340000	1
82	0.340000	1
83	0.340000	1
84	0.340000	1
85	0.340000	1
86	0.340000	1
87	0.340000	1
88	0.340000	1
89	0.340000	1
0	0.350000	1
1	0.350000	1
2	0.350000	1
3	0.350000	1
4	0.350000	1
5	0.350000	1
6	0.350000	1
7	0.350000	1
8	0.350000	1
9	0.350000	1
10	0.350000	1
11	0.350000	1
12	0.350000	1
13	0.350000	1
14	0.350000	1
15	0.350000	1
16	0.350000	1
17	0.350000	1
18	0.350000	1
19	0.350000	1
20	0.350000	1
21	0.350000	1
22	0.350000	1
23	0.350000	1
24	0.350000	1
25	0.350000	1
26	0.350000	1
27	0.350000	1
28	0.350000	1
29	0.350000	1
30	0.350000	1
31	0.350000	1
32	0.350000	1
33	0.350000	1
34	0.350000	1
35	0.350000	1
36	0.350000	1
37	0.350000	1
38	0.350000	1
39	0.350000	1
40	0.350000	1
41	0.350000	1
42	0.350000	1
43	0.350000	1
44	0.350000	1
45	0.350000	1
46	0.350000	1
47	0.350000	1
48	0.350000	1
49	0.350000	1
50	0.350000	1
51	0.350000	1
52	0.350000	1
53	0.350000	1
54	0.350000	1
55	0.350000	1
56	0.350000	1
57	0.350000	1
58	0.350000	1
59	0.350000	1
60	0.350000	1
61	0.350000	1
62	0.350000	1
63	0.350000	1
64	0.350000	1
65	0.350000	1
66	0.350000	1
67	0.350000	1
68	0.350000	1
69	0.350000	1
70	0.350000	1
71	0.350000	1
72	0.350000	1
73	0.350000	1
74	0.350000	1
75	0.350000	1
76	0.350000	1
77	0.350000	1
78	0.350000	1
79	0.350000	1
80	0.350000	1
81	0.350000	1
82	0.350000	1
83	0.350000	1
84	0.350000	1
85	0.350000	1
86	0.350000	1
87	0.350000	1
88	0.350000	1
89	0.350000	1
0	0.360000	1
1	0.360000	1
2	0.360000	1
3	0.360000	1
4	0.360000	1
5	0.360000	1
6	0.360000	1
7	0.360000	1
8	0.360000	1
9	0.360000	1
10	0.360000	1
11	0.360000	1
12	0.360000	1
13	0.360000	1
14	0.360000	1
15	0.360000	1
16	0.360000	1
17	0.360000	1
18	0.360000	1
19	0.360000	1
20	0.360000	1
21	0.360000	1
22	0.360000	1
23	0.360000	1
24	0.360000	1
25	0.360000	1
26	0.360000	1
27	0.360000	1
28	0.360000	1
29	0.360000	1
30	0.360000	1
31	0.360000	1
32	0.360000	1
33	0.360000	1
34	0.360000	1
35	0.360000	1
36	0.360000	1
37	0.360000	1
38	0.360000	1
39	0.360000	1
40	0.360000	1
41	0.360000	1
42	0.360000	1
43	0.360000	1
44	0.360000	1
45	0.360000	1
46	0.360000	1
47	0.360000	1
48	0.360000	1
49	0.360000	1
50	0.360000	1
51	0.360000	1
52	0.360000	1
53	0.360000	1
54	0.360000	1
55	0.360000	1
56	0.360000	1
57	0.360000	1
58	0.360000	1
59	0.360000	1
60	0.360000	1
61	0.360000	1
62	0.360000	1
63	0.360000	1
64	0.360000	1
65	0.360000	1
66	0.360000	1
67	0.360000	1
68	0.360000	1
69	0.360000	1
70	0.360000	1
71	0.360000	1
72	0.360000	1
73	0.360000	1
74	0.360000	1
75	0.360000	1
76	0.360000	1
77	0.360000	1
78	0.360000	1
79	0.360000	1
80	0.360000	1
81	0.360000	1
82	0.360000	1
83	0.360000	1
84	0.360000	1
85	0.360000	1
86	0.360000	1
87	0.360000	1
88	0.360000	1
89	0.360000	1
0	0.370000	1
1	0.370000	1
2	0.370000	1
3	0.370000	1
4	0.370000	1
5	0.370000	1
6	0.370000	1
7	0.370000	1
8	0.370000	1
9	0.370000	1
10	0.370000	1
11	0.370000	1
12	0.370000	1
13	0.370000	1
14	0.370000	1
15	0.370000	1
16	0.370000	1
17	0.370000	1
18	0.370000	1
19	0.370000	1
20	0.370000	1
21	0.370000	1
22	0.370000	1
23	0.370000	1
24	0.370000	1
25	0.370000	1
26	0.370000	1
27	0.370000	1
28	0.370000	1
29	0.370000	1
30	0.370000	1
31	0.370000	1
32	0.370000	1
33	0.370000	1
34	0.370000	1
35	0.370000	1
36	0.370000	1
37	0.370000	1
38	0.370000	1
39	0.370000	1
40	0.370000	1
41	0.370000	1
42	0.370000	1
43	0.370000	1
44	0.370000	1
45	0.370000	1
46	0.370000	1
47	0.370000	1
48	0.370000	1
49	0.370000	1
50	0.370000	1
51	0.370000	1
52	0.370000	1
53	0.370000	1
54	0.370000	1
55	0.370000	1
56	0.370000	1
57	0.370000	1
58	0.370000	1
59	0.370000	1
60	0.370000	1
61	0.370000	1
62	0.370000	1
63	0.370000	1
64	0.370000	1
65	0.370000	1
66	0.370000	1
67	0.370000	1
68	0.370000	1
69	0.370000	1
70	0.370000	1
71	0.370000	1
72	0.370000	1
73	0.370000	1
74	0.370000	1
75	0.370000	1
76	0.370000	1
77	0.370000	1
78	0.370000	1
79	0.370000	1
80	0.370000	1
81	0.370000	1
82	0.370000	1
83	0.370000	1
84	0.370000	1
85	0.370000	1
86	0.370000	1
87	0.370000	1
88	0.370000	1
89	0.370000	1
0	0.380000	1
1	0.380000	1
2	0.380000	1
3	0.380000	1
4	0.380000	1
5	0.380000	1
6	0.380000	1
7	0.380000	1
8	0.380000	1
9	0.380000	1
10	0.380000	1
11	0.380000	1
12	0.380000	1
13	0.380000	1
14	0.380000	1
15	0.380000	1
16	0.380000	1
17	0.380000	1
18	0.380000	1
19	0.380000	1
20	0.380000	1
21	0.380000	1
22	0.380000	1
23	0.380000	1
24	0.380000	1
25	0.380000	1
26	0.380000	1
27	0.380000	1
28	0.380000	1
29	0.380000	1
30	0.380000	1
31	0.380000	1
32	0.380000	1
33	0.380000	1
34	0.380000	1
35	0.380000	1
36	0.380000	1
37	0.380000	1
38	0.380000	1
39	0.380000	1
40	0.380000	1
41	0.380000	1
42	0.380000	1
43	0.380000	1
44	0.380000	1
45	0.380000	1
46	0.380000	1
47	0.380000	1
48	0.380000	1
49	0.380000	1
50	0.380000	1
51	0.380000	1
52	0.380000	1
53	0.380000	1
54	0.380000	1
55	0.380000	1
56	0.380000	1
57	0.380000	1
58	0.380000	1
59	0.380000	1
60	0.380000	1
61	0.380000	1
62	0.380000	1
63	0.380000	1
64	0.380000	1
65	0.380000	1
66	0.380000	1
67	0.380000	1
68	0.380000	1
69	0.380000	1
70	0.380000	1
71	0.380000	1
72	0.380000	1
73	0.380000	1
74	0.380000	1
75	0.380000	1
76	0.380000	1
77	0.380000	1
78	0.380000	1
79	0.380000	1
80	0.380000	1
81	0.380000	1
82	0.380000	1
83	0.380000	1
84	0.380000	1
85	0.380000	1
86	0.380000	1
87	0.380000	1
88	0.380000	1
89	0.380000	1
0	0.390000	1
1	0.390000	1
2	0.390000	1
3	0.390000	1
4	0.390000	1
5	0.390000	1
6	0.390000	1
7	0.390000	1
8	0.390000	1
9	0.390000	1
10	0.390000	1
11	0.390000	1
12	0.390000	1
13	0.390000	1
14	0.390000	1
15	0.390000	1
16	0.390000	1
17	0.390000	1
18	0.390000	1
19	0.390000	1
20	0.390000	1
21	0.390000	1
22	0.390000	1
23	0.390000	1
24	0.390000	1
25	0.390000	1
26	0.390000	1
27	0.390000	1
28	0.390000	1
29	0.390000	1
30	0.390000	1
31	0.390000	1
32	0.390000	1
33	0.390000	1
34	0.390000	1
35	0.390000	1
36	0.390000	1
37	0.390000	1
38	0.390000	1
39	0.390000	1
40	0.390000	1
41	0.390000	1
42	0.390000	1
43	0.390000	1
44	0.390000	1
45	0.390000	1
46	0.390000	1
47	0.390000	1
48	0.390000	1
49	0.390000	1
50	0.390000	1
51	0.390000	1
52	0.390000	1
53	0.390000	1
54	0.390000	1
55	0.390000	1
56	0.390000	1
57	0.390000	1
58	0.390000	1
59	0.390000	1
60	0.390000	1
61	0.390000	1
62	0.390000	1
63	0.390000	1
64	0.390000	1
65	0.390000	1
66	0.390000	1
67	0.390000	1
68	0.390000	1
69	0.390000	1
70	0.390000	1
71	0.390000	1
72	0.390000	1
73	0.390000	1
74	0.390000	1
75	0.390000	1
76	0.390000	1
77	0.390000	1
78	0.390000	1
79	0.390000	1
80	0.390000	1
81	0.390000	1
82	0.390000	1
83	0.390000	1
84	0.390000	1
85	0.390000	1
86	0.390000	1
87	0.390000	1
88	0.390000	1
89	0.390000	1
0	0.400000	1
1	0.400000	1
2	0.400000	1
3	0.400000	1
4	0.400000	1
5	0.400000	1
6	0.400000	1
7	0.400000	1
8	0.400000	1
9	0.400000	1
10	0.400000	1
11	0.400000	1
12	0.400000	1
13	0.400000	1
14	0.400000	1
15	0.400000	1
16	0.400000	1
17	0.400000	1
18	0.400000	1
19	0.400000	1
20	0.400000	1
21	0.400000	1
22	0.400000	1
23	0.400000	1
24	0.400000	1
25	0.400000	1
26	0.400000	1
27	0.400000	1
28	0.400000	1
29	0.400000	1
30	0.400000	1
31	0.400000	1
32	0.400000	1
33	0.400000	1
34	0.400000	1
35	0.400000	1
36	0.400000	1
37	0.400000	1
38	0.400000	1
39	0.400000	1
40	0.400000	1
41	0.400000	1
42	0.400000	1
43	0.400000	1
44	0.400000	1
45	0.400000	1
46	0.400000	1
47	0.400000	1
48	0.400000	1
49	0.400000	1
50	0.400000	1
51	0.400000	1
52	0.400000	1
53	0.400000	1
54	0.400000	1
55	0.400000	1
56	0.400000	1
57	0.400000	1
58	0.400000	1
59	0.400000	1
60	0.400000	1
61	0.400000	1
62	0.400000	1
63	0.400000	1
64	0.400000	1
65	0.400000	1
66	0.400000	1
67	0.400000	1
68	0.400000	1
69	0.400000	1
70	0.400000	1
71	0.400000	1
72	0.400000	1
73	0.400000	1
74	0.400000	1
75	0.400000	1
76	0.400000	1
77	0.400000	1
78	0.400000	1
79	0.400000	1
80	0.400000	1
81	0.400000	1
82	0.400000	1
83	0.400000	1
84	0.400000	1
85	0.400000	1
86	0.400000	1
87	0.400000	1
88	0.400000	1
89	0.400000	1
0	0.410000	1
1	0.410000	1
2	0.410000	1
3	0.410000	1
4	0.410000	1
5	0.410000	1
6	0.410000	1
7	0.410000	1
8	0.410000	1
9	0.410000	1
10	0.410000	1
11	0.410000	1
12	0.410000	1
13	0.410000	1
14	0.410000	1
15	0.410000	1
16	0.410000	1
17	0.410000	1
18	0.410000	1
19	0.410000	1
20	0.410000	1
21	0.410000	1
22	0.410000	1
23	0.410000	1
24	0.410000	1
25	0.410000	1
26	0.410000	1
27	0.410000	1
28	0.410000	1
29	0.410000	1
30	0.410000	1
31	0.410000	1
32	0.410000	1
33	0.410000	1
34	0.410000	1
35	0.410000	1
36	0.410000	1
37	0.410000	1
38	0.410000	1
39	0.410000	1
40	0.410000	1
41	0.410000	1
42	0.410000	1
43	0.410000	1
44	0.410000	1
45	0.410000	1
46	0.410000	1
47	0.410000	1
48	0.410000	1
49	0.410000	1
50	0.410000	1
51	0.410000	1
52	0.410000	1
53	0.410000	1
54	0.410000	1
55	0.410000	1
56	0.410000	1
57	0.410000	1
58	0.410000	1
59	0.410000	1
60	0.410000	1
61	0.410000	1
62	0.410000	1
63	0.410000	1
64	0.410000	1
65	0.410000	1
66	0.410000	1
67	0.410000	1
68	0.410000	1
69	0.410000	1
70	0.410000	1
71	0.410000	1
72	0.410000	1
73	0.410000	1
74	0.410000	1
75	0.410000	1
76	0.410000	1
77	0.410000	1
78	0.410000	1
79	0.410000	1
80	0.410000	1
81	0.410000	1
82	0.410000	1
83	0.410000	1
84	0.410000	1
85	0.410000	1
86	0.410000	1
87	0.410000	1
88	0.410000	1
89	0.410000	1
0	0.420000	1
1	0.420000	1
2	0.420000	1
3	0.420000	1
4	0.420000	1
5	0.420000	1
6	0.420000	1
7	0.420000	1
8	0.420000	1
9	0.420000	1
10	0.420000	1
11	0.420000	1
12	0.420000	1
13	0.420000	1
14	0.420000	1
15	0.420000	1
16	0.420000	1
17	0.420000	1
18	0.420000	1
19	0.420000	1
20	0.420000	1
21	0.420000	1
22	0.420000	1
23	0.420000	1
24	0.420000	1
25	0.420000	1
26	0.420000	1
27	0.420000	1
28	0.420000	1
29	0.420000	1
30	0.420000	1
31	0.420000	1
32	0.420000	1
33	0.420000	1
34	0.420000	1
35	0.420000	1
36	0.420000	1
37	0.420000	1
38	0.420000	1
39	0.420000	1
40	0.420000	1
41	0.420000	1
42	0.420000	1
43	0.420000	1
44	0.420000	1
45	0.420000	1
46	0.420000	1
47	0.420000	1
48	0.420000	1
49	0.420000	1
50	0.420000	1
51	0.420000	1
52	0.420000	1
53	0.420000	1
54	0.420000	1
55	0.420000	1
56	0.420000	1
57	0.420000	1
58	0.420000	1
59	0.420000	1
60	0.420000	1
61	0.420000	1
62	0.420000	1
63	0.420000	1
64	0.420000	1
65	0.420000	1
66	0.420000	1
67	0.420000	1
68	0.420000	1
69	0.420000	1
70	0.420000	1
71	0.420000	1
72	0.420000	1
73	0.420000	1
74	0.420000	1
75	0.420000	1
76	0.420000	1
77	0.420000	1
78	0.420000	1
79	0.420000	1
80	0.420000	1
81	0.420000	1
82	0.420000	1
83	0.420000	1
84	0.420000	1
85	0.420000	1
86	0.420000	1
87	0.420000	1
88	0.420000	1
89	0.420000	1
0	0.430000	1
1	0.430000	1
2	0.430000	1
3	0.430000	1
4	0.430000	1
5	0.430000	1
6	0.430000	1
7	0.430000	1
8	0.430000	1
9	0.430000	1
10	0.430000	1
11	0.430000	1
12	0.430000	1
13	0.430000	1
14	0.430000	1
15	0.430000	1
16	0.430000	1
17	0.430000	1
18	0.430000	1
19	0.430000	1
20	0.430000	1
21	0.430000	1
22	0.430000	1
23	0.430000	1
24	0.430000	1
25	0.430000	1
26	0.430000	1
27	0.430000	1
28	0.430000	1
29	0.430000	1
30	0.430000	1
31	0.430000	1
32	0.430000	1
33	0.430000	1
34	0.430000	1
35	0.430000	1
36	0.430000	1
37	0.430000	1
38	0.430000	1
39	0.430000	1
40	0.430000	1
41	0.430000	1
42	0.430000	1
43	0.430000	1
44	0.430000	1
45	0.430000	1
46	0.430000	1
47	0.430000	1
48	0.430000	1
49	0.430000	1
50	0.430000	1
51	0.430000	1
52	0.430000	1
53	0.430000	1
54	0.430000	1
55	0.430000	1
56	0.430000	1
57	0.430000	1
58	0.430000	1
59	0.430000	1
60	0.430000	1
61	0.430000	1
62	0.430000	1
63	0.430000	1
64	0.430000	1
65	0.430000	1
66	0.430000	1
67	0.430000	1
68	0.430000	1
69	0.430000	1
70	0.430000	1
71	0.430000	1
72	0.430000	1
73	0.430000	1
74	0.430000	1
75	0.430000	1
76	0.430000	1
77	0.430000	1
78	0.430000	1
79	0.430000	1
80	0.430000	1
81	0.430000	1
82	0.430000	1
83	0.430000	1
84	0.430000	1
85	0.430000	1
86	0.430000	1
87	0.430000	1
88	0.430000	1
89	0.430000	1
0	0.440000	1
1	0.440000	1
2	0.440000	1
3	0.440000	1
4	0.440000	1
5	0.440000	1
6	0.440000	1
7	0.440000	1
8	0.440000	1
9	0.440000	1
10	0.440000	1
11	0.440000	1
12	0.440000	1
13	0.440000	1
14	0.440000	1
15	0.440000	1
16	0.440000	1
17	0.440000	1
18	0.440000	1
19	0.440000	1
20	0.440000	1
21	0.440000	1
22	0.440000	1
23	0.440000	1
24	0.440000	1
25	0.440000	1
26	0.440000	1
27	0.440000	1
28	0.440000	1
29	0.440000	1
30	0.440000	1
31	0.440000	1
32	0.440000	1
33	0.440000	1
34	0.440000	1
35	0.440000	1
36	0.440000	1
37	0.440000	1
38	0.440000	1
39	0.440000	1
40	0.440000	1
41	0.440000	1
42	0.440000	1
43	0.440000	1
44	0.440000	1
45	0.440000	1
46	0.440000	1
47	0.440000	1
48	0.440000	1
49	0.440000	1
50	0.440000	1
51	0.440000	1
52	0.440000	1
53	0.440000	1
54	0.440000	1
55	0.440000	1
56	0.440000	1
57	0.440000	1
58	0.440000	1
59	0.440000	1
60	0.440000	1
61	0.440000	1
62	0.440000	1
63	0.440000	1
64	0.440000	1
65	0.440000	1
66	0.440000	1
67	0.440000	1
68	0.440000	1
69	0.440000	1
70	0.440000	1
71	0.440000	1
72	0.440000	1
73	0.440000	1
74	0.440000	1
75	0.440000	1
76	0.440000	1
77	0.440000	1
78	0.440000	1
79	0.440000	1
80	0.440000	1
81	0.440000	1
82	0.440000	1
83	0.440000	1
84	0.440000	1
85	0.440000	1
86	0.440000	1
87	0.440000	1
88	0.440000	1
89	0.440000	1
0	0.450000	1
1	0.450000	1
2	0.450000	1
3	0.450000	1
4	0.450000	1
5	0.450000	1
6	0.450000	1
7	0.450000	1
8	0.450000	1
9	0.450000	1
10	0.450000	1
11	0.450000	1
12	0.450000	1
13	0.450000	1
14	0.450000	1
15	0.450000	1
16	0.450000	1
17	0.450000	1
18	0.450000	1
19	0.450000	1
20	0.450000	1
21	0.450000	1
22	0.450000	1
23	0.450000	1
24	0.450000	1
25	0.450000	1
26	0.450000	1
27	0.450000	1
28	0.450000	1
29	0.450000	1
30	0.450000	1
31	0.450000	1
32	0.450000	1
33	0.450000	1
34	0.450000	1
35	0.450000	1
36	0.450000	1
37	0.450000	1
38	0.450000	1
39	0.450000	1
40	0.450000	1
41	0.450000	1
42	0.450000	1
43	0.450000	1
44	0.450000	1
45	0.450000	1
46	0.450000	1
47	0.450000	1
48	0.450000	1
49	0.450000	1
50	0.450000	1
51	0.450000	1
52	0.450000	1
53	0.450000	1
54	0.450000	1
55	0.450000	1
56	0.450000	1
57	0.450000	1
58	0.450000	1
59	0.450000	1
60	0.450000	1
61	0.450000	1
62	0.450000	1
63	0.450000	1
64	0.450000	1
65	0.450000	1
66	0.450000	1
67	0.450000	1
68	0.450000	1
69	0.450000	1
70	0.450000	1
71	0.450000	1
72	0.450000	1
73	0.450000	1
74	0.450000	1
75	0.450000	1
76	0.450000	1
77	0.450000	1
78	0.450000	1
79	0.450000	1
80	0.450000	1
81	0.450000	1
82	0.450000	1
83	0.450000	1
84	0.450000	1
85	0.450000	1
86	0.450000	1
87	0.450000	1
88	0.450000	1
89	0.450000	1
0	0.460000	1
1	0.460000	1
2	0.460000	1
3	0.460000	1
4	0.460000	1
5	0.460000	1
6	0.460000	1
7	0.460000	1
8	0.460000	1
9	0.460000	1
10	0.460000	1
11	0.460000	1
12	0.460000	1
13	0.460000	1
14	0.460000	1
15	0.460000	1
16	0.460000	1
17	0.460000	1
18	0.460000	1
19	0.460000	1
20	0.460000	1
21	0.460000	1
22	0.460000	1
23	0.460000	1
24	0.460000	1
25	0.460000	1
26	0.460000	1
27	0.460000	1
28	0.460000	1
29	0.460000	1
30	0.460000	1
31	0.460000	1
32	0.460000	1
33	0.460000	1
34	0.460000	1
35	0.460000	1
36	0.460000	1
37	0.460000	1
38	0.460000	1
39	0.460000	1
40	0.460000	1
41	0.460000	1
42	0.460000	1
43	0.460000	1
44	0.460000	1
45	0.460000	1
46	0.460000	1
47	0.460000	1
48	0.460000	1
49	0.460000	1
50	0.460000	1
51	0.460000	1
52	0.460000	1
53	0.460000	1
54	0.460000	1
55	0.460000	1
56	0.460000	1
57	0.460000	1
58	0.460000	1
59	0.460000	1
60	0.460000	1
61	0.460000	1
62	0.460000	1
63	0.460000	1
64	0.460000	1
65	0.460000	1
66	0.460000	1
67	0.460000	1
68	0.460000	1
69	0.460000	1
70	0.460000	1
71	0.460000	1
72	0.460000	1
73	0.460000	1
74	0.460000	1
75	0.460000	1
76	0.460000	1
77	0.460000	1
78	0.460000	1
79	0.460000	1
80	0.460000	1
81	0.460000	1
82	0.460000	1
83	0.460000	1
84	0.460000	1
85	0.460000	1
86	0.460000	1
87	0.460000	1
88	0.460000	1
89	0.460000	1
0	0.470000	1
1	0.470000	1
2	0.470000	1
3	0.470000	1
4	0.470000	1
5	0.470000	1
6	0.470000	1
7	0.470000	1
8	0.470000	1
9	0.470000	1
10	0.470000	1
11	0.470000	1
12	0.470000	1
13	0.470000	1
14	0.470000	1
15	0.470000	1
16	0.470000	1
17	0.470000	1
18	0.470000	1
19	0.470000	1
20	0.470000	1
21	0.470000	1
22	0.470000	1
23	0.470000	1
24	0.470000	1
25	0.470000	1
26	0.470000	1
27	0.470000	1
28	0.470000	1
29	0.470000	1
30	0.470000	1
31	0.470000	1
32	0.470000	1
33	0.470000	1
34	0.470000	1
35	0.470000	1
36	0.470000	1
37	0.470000	1
38	0.470000	1
39	0.470000	1
40	0.470000	1
41	0.470000	1
42	0.470000	1
43	0.470000	1
44	0.470000	1
45	0.470000	1
46	0.470000	1
47	0.470000	1
48	0.470000	1
49	0.470000	1
50	0.470000	1
51	0.470000	1
52	0.470000	1
53	0.470000	1
54	0.470000	1
55	0.470000	1
56	0.470000	1
57	0.470000	1
58	0.470000	1
59	0.470000	1
60	0.470000	1
61	0.470000	1
62	0.470000	1
63	0.470000	1
64	0.470000	1
65	0.470000	1
66	0.470000	1
67	0.470000	1
68	0.470000	1
69	0.470000	1
70	0.470000	1
71	0.470000	1
72	0.470000	1
73	0.470000	1
74	0.470000	1
75	0.470000	1
76	0.470000	1
77	0.470000	1
78	0.470000	1
79	0.470000	1
80	0.470000	1
81	0.470000	1
82	0.470000	1
83	0.470000	1
84	0.470000	1
85	0.470000	1
86	0.470000	1
87	0.470000	1
88	0.470000	1
89	0.470000	1
0	0.480000	1
1	0.480000	1
2	0.480000	1
3	0.480000	1
4	0.480000	1
5	0.480000	1
6	0.480000	1
7	0.480000	1
8	0.480000	1
9	0.480000	1
10	0.480000	1
11	0.480000	1
12	0.480000	1
13	0.480000	1
14	0.480000	1
15	0.480000	1
16	0.480000	1
17	0.480000	1
18	0.480000	1
19	0.480000	1
20	0.480000	1
21	0.480000	1
22	0.480000	1
23	0.480000	1
24	0.480000	1
25	0.480000	1
26	0.480000	1
27	0.480000	1
28	0.480000	1
29	0.480000	1
30	0.480000	1
31	0.480000	1
32	0.480000	1
33	0.480000	1
34	0.480000	1
35	0.480000	1
36	0.480000	1
37	0.480000	1
38	0.480000	1
39	0.480000	1
40	0.480000	1
41	0.480000	1
42	0.480000	1
43	0.480000	1
44	0.480000	1
45	0.480000	1
46	0.480000	1
47	0.480000	1
48	0.480000	1
49	0.480000	1
50	0.480000	1
51	0.480000	1
52	0.480000	1
53	0.480000	1
54	0.480000	1
55	0.480000	1
56	0.480000	1
57	0.480000	1
58	0.480000	1
59	0.480000	1
60	0.480000	1
61	0.480000	1
62	0.480000	1
63	0.480000	1
64	0.480000	1
65	0.480000	1
66	0.480000	1
67	0.480000	1
68	0.480000	1
69	0.480000	1
70	0.480000	1
71	0.480000	1
72	0.480000	1
73	0.480000	1
74	0.480000	1
75	0.480000	1
76	0.480000	1
77	0.480000	1
78	0.480000	1
79	0.480000	1
80	0.480000	1
81	0.480000	1
82	0.480000	1
83	0.480000	1
84	0.480000	1
85	0.480000	1
86	0.480000	1
87	0.480000	1
88	0.480000	1
89	0.480000	1
0	0.490000	1
1	0.490000	1
2	0.490000	1
3	0.490000	1
4	0.490000	1
5	0.490000	1
6	0.490000	1
7	0.490000	1
8	0.490000	1
9	0.490000	1
10	0.490000	1
11	0.490000	1
12	0.490000	1
13	0.490000	1
14	0.490000	1
15	0.490000	1
16	0.490000	1
17	0.490000	1
18	0.490000	1
19	0.490000	1
20	0.490000	1
21	0.490000	1
22	0.490000	1
23	0.490000	1
24	0.490000	1
25	0.490000	1
26	0.490000	1
27	0.490000	1
28	0.490000	1
29	0.490000	1
30	0.490000	1
31	0.490000	1
32	0.490000	1
33	0.490000	1
34	0.490000	1
35	0.490000	1
36	0.490000	1
37	0.490000	1
38	0.490000	1
39	0.490000	1
40	0.490000	1
41	0.490000	1
42	0.490000	1
43	0.490000	1
44	0.490000	1
45	0.490000	1
46	0.490000	1
47	0.490000	1
48	0.490000	1
49	0.490000	1
50	0.490000	1
51	0.490000	1
52	0.490000	1
53	0.490000	1
54	0.490000	1
55	0.490000	1
56	0.490000	1
57	0.490000	1
58	0.490000	1
59	0.490000	1
60	0.490000	1
61	0.490000	1
62	0.490000	1
63	0.490000	1
64	0.490000	1
65	0.490000	1
66	0.490000	1
67	0.490000	1
68	0.490000	1
69	0.490000	1
70	0.490000	1
71	0.490000	1
72	0.490000	1
73	0.490000	1
74	0.490000	1
75	0.490000	1
76	0.490000	1
77	0.490000	1
78	0.490000	1
79	0.490000	1
80	0.490000	1
81	0.490000	1
82	0.490000	1
83	0.490000	1
84	0.490000	1
85	0.490000	1
86	0.490000	1
87	0.490000	1
88	0.490000	1
89	0.490000	1
0	0.500000	1
1	0.500000	1
2	0.500000	1
3	0.500000	1
4	0.500000	1
5	0.500000	1
6	0.500000	1
7	0.500000	1
8	0.500000	1
9	0.500000	1
10	0.500000	1
11	0.500000	1
12	0.500000	1
13	0.500000	1
14	0.500000	1
15	0.500000	1
16	0.500000	1
17	0.500000	1
18	0.500000	1
19	0.500000	1
20	0.500000	1
21	0.500000	1
22	0.500000	1
23	0.500000	1
24	0.500000	1
25	0.500000	1
26	0.500000	1
27	0.500000	1
28	0.500000	1
29	0.500000	1
30	0.500000	1
31	0.500000	1
32	0.500000	1
33	0.500000	1
34	0.500000	1
35	0.500000	1
36	0.500000	1
37	0.500000	1
38	0.500000	1
39	0.500000	1
40	0.500000	1
41	0.500000	1
42	0.500000	1
43	0.500000	1
44	0.500000	1
45	0.500000	1
46	0.500000	1
47	0.500000	1
48	0.500000	1
49	0.500000	1
50	0.500000	1
51	0.500000	1
52	0.500000	1
53	0.500000	1
54	0.500000	1
55	0.500000	1
56	0.500000	1
57	0.500000	1
58	0.500000	1
59	0.500000	1
60	0.500000	1
61	0.500000	1
62	0.500000	1
63	0.500000	1
64	0.500000	1
65	0.500000	1
66	0.500000	1
67	0.500000	1
68	0.500000	1
69	0.500000	1
70	0.500000	1
71	0.500000	1
72	0.500000	1
73	0.500000	1
74	0.500000	1
75	0.500000	1
76	0.500000	1
77	0.500000	1
78	0.500000	1
79	0.500000	1
80	0.500000	1
81	0.500000	1
82	0.500000	1
83	0.500000	1
84	0.500000	1
85	0.500000	1
86	0.500000	1
87	0.500000	1
88	0.500000	1
89	0.500000	1
0	0.510000	1
1	0.510000	1
2	0.510000	1
3	0.510000	1
4	0.510000	1
5	0.510000	1
6	0.510000	1
7	0.510000	1
8	0.510000	1
9	0.510000	1
10	0.510000	1
11	0.510000	1
12	0.510000	1
13	0.510000	1
14	0.510000	1
15	0.510000	1
16	0.510000	1
17	0.510000	1
18	0.510000	1
19	0.510000	1
20	0.510000	1
21	0.510000	1
22	0.510000	1
23	0.510000	1
24	0.510000	1
25	0.510000	1
26	0.510000	1
27	0.510000	1
28	0.510000	1
29	0.510000	1
30	0.510000	1
31	0.510000	1
32	0.510000	1
33	0.510000	1
34	0.510000	1
35	0.510000	1
36	0.510000	1
37	0.510000	1
38	0.510000	1
39	0.510000	1
40	0.510000	1
41	0.510000	1
42	0.510000	1
43	0.510000	1
44	0.510000	1
45	0.510000	1
46	0.510000	1
47	0.510000	1
48	0.510000	1
49	0.510000	1
50	0.510000	1
51	0.510000	1
52	0.510000	1
53	0.510000	1
54	0.510000	1
55	0.510000	1
56	0.510000	1
57	0.510000	1
58	0.510000	1
59	0.510000	1
60	0.510000	1
61	0.510000	1
62	0.510000	1
63	0.510000	1
64	0.510000	1
65	0.510000	1
66	0.510000	1
67	0.510000	1
68	0.510000	1
69	0.510000	1
70	0.510000	1
71	0.510000	1
72	0.510000	1
73	0.510000	1
74	0.510000	1
75	0.510000	1
76	0.510000	1
77	0.510000	1
78	0.510000	1
79	0.510000	1
80	0.510000	1
81	0.510000	1
82	0.510000	1
83	0.510000	1
84	0.510000	1
85	0.510000	1
86	0.510000	1
87	0.510000	1
88	0.510000	1
89	0.510000	1
0	0.520000	1
1	0.520000	1
2	0.520000	1
3	0.520000	1
4	0.520000	1
5	0.520000	1
6	0.520000	1
7	0.520000	1
8	0.520000	1
9	0.520000	1
10	0.520000	1
11	0.520000	1
12	0.520000	1
13	0.520000	1
14	0.520000	1
15	0.520000	1
16	0.520000	1
17	0.520000	1
18	0.520000	1
19	0.520000	1
20	0.520000	1
21	0.520000	1
22	0.520000	1
23	0.520000	1
24	0.520000	1
25	0.520000	1
26	0.520000	1
27	0.520000	1
28	0.520000	1
29	0.520000	1
30	0.520000	1
31	0.520000	1
32	0.520000	1
33	0.520000	1
34	0.520000	1
35	0.520000	1
36	0.520000	1
37	0.520000	1
38	0.520000	1
39	0.520000	1
40	0.520000	1
41	0.520000	1
42	0.520000	1
43	0.520000	1
44	0.520000	1
45	0.520000	1
46	0.520000	1
47	0.520000	1
48	0.520000	1
49	0.520000	1
50	0.520000	1
51	0.520000	1
52	0.520000	1
53	0.520000	1
54	0.520000	1
55	0.520000	1
56	0.520000	1
57	0.520000	1
58	0.520000	1
59	0.520000	1
60	0.520000	1
61	0.520000	1
62	0.520000	1
63	0.520000	1
64	0.520000	1
65	0.520000	1
66	0.520000	1
67	0.520000	1
68	0.520000	1
69	0.520000	1
70	0.520000	1
71	0.520000	1
72	0.520000	1
73	0.520000	1
74	0.520000	1
75	0.520000	1
76	0.520000	1
77	0.520000	1
78	0.520000	1
79	0.520000	1
80	0.520000	1
81	0.520000	1
82	0.520000	1
83	0.520000	1
84	0.520000	1
85	0.520000	1
86	0.520000	1
87	0.520000	1
88	0.520000	1
89	0.520000	1
0	0.530000	1
1	0.530000	1
2	0.530000	1
3	0.530000	1
4	0.530000	1
5	0.530000	1
6	0.530000	1
7	0.530000	1
8	0.530000	1
9	0.530000	1
10	0.530000	1
11	0.530000	1
12	0.530000	1
13	0.530000	1
14	0.530000	1
15	0.530000	1
16	0.530000	1
17	0.530000	1
18	0.530000	1
19	0.530000	1
20	0.530000	1
21	0.530000	1
22	0.530000	1
23	0.530000	1
24	0.530000	1
25	0.530000	1
26	0.530000	1
27	0.530000	1
28	0.530000	1
29	0.530000	1
30	0.530000	1
31	0.530000	1
32	0.530000	1
33	0.530000	1
34	0.530000	1
35	0.530000	1
36	0.530000	1
37	0.530000	1
38	0.530000	1
39	0.530000	1
40	0.530000	1
41	0.530000	1
42	0.530000	1
43	0.530000	1
44	0.530000	1
45	0.530000	1
46	0.530000	1
47	0.530000	1
48	0.530000	1
49	0.530000	1
50	0.530000	1
51	0.530000	1
52	0.530000	1
53	0.530000	1
54	0.530000	1
55	0.530000	1
56	0.530000	1
57	0.530000	1
58	0.530000	1
59	0.530000	1
60	0.530000	1
61	0.530000	1
62	0.530000	1
63	0.530000	1
64	0.530000	1
65	0.530000	1
66	0.530000	1
67	0.530000	1
68	0.530000	1
69	0.530000	1
70	0.530000	1
71	0.530000	1
72	0.530000	1
73	0.530000	1
74	0.530000	1
75	0.530000	1
76	0.530000	1
77	0.530000	1
78	0.530000	1
79	0.530000	1
80	0.530000	1
81	0.530000	1
82	0.530000	1
83	0.530000	1
84	0.530000	1
85	0.530000	1
86	0.530000	1
87	0.530000	1
88	0.530000	1
89	0.530000	1
0	0.540000	1
1	0.540000	1
2	0.540000	1
3	0.540000	1
4	0.540000	1
5	0.540000	1
6	0.540000	1
7	0.540000	1
8	0.540000	1
9	0.540000	1
10	0.540000	1
11	0.540000	1
12	0.540000	1
13	0.540000	1
14	0.540000	1
15	0.540000	1
16	0.540000	1
17	0.540000	1
18	0.540000	1
19	0.540000	1
20	0.540000	1
21	0.540000	1
22	0.540000	1
23	0.540000	1
24	0.540000	1
25	0.540000	1
26	0.540000	1
27	0.540000	1
28	0.540000	1
29	0.540000	1
30	0.540000	1
31	0.540000	1
32	0.540000	1
33	0.540000	1
34	0.540000	1
35	0.540000	1
36	0.540000	1
37	0.540000	1
38	0.540000	1
39	0.540000	1
40	0.540000	1
41	0.540000	1
42	0.540000	1
43	0.540000	1
44	0.540000	1
45	0.540000	1
46	0.540000	1
47	0.540000	1
48	0.540000	1
49	0.540000	1
50	0.540000	1
51	0.540000	1
52	0.540000	1
53	0.540000	1
54	0.540000	1
55	0.540000	1
56	0.540000	1
57	0.540000	1
58	0.540000	1
59	0.540000	1
60	0.540000	1
61	0.540000	1
62	0.540000	1
63	0.540000	1
64	0.540000	1
65	0.540000	1
66	0.540000	1
67	0.540000	1
68	0.540000	1
69	0.540000	1
70	0.540000	1
71	0.540000	1
72	0.540000	1
73	0.540000	1
74	0.540000	1
75	0.540000	1
76	0.540000	1
77	0.540000	1
78	0.540000	1
79	0.540000	1
80	0.540000	1
81	0.540000	1
82	0.540000	1
83	0.540000	1
84	0.540000	1
85	0.540000	1
86	0.540000	1
87	0.540000	1
88	0.540000	1
89	0.540000	1
0	0.550000	1
1	0.550000	1
2	0.550000	1
3	0.550000	1
4	0.550000	1
5	0.550000	1
6	0.550000	1
7	0.550000	1
8	0.550000	1
9	0.550000	1
10	0.550000	1
11	0.550000	1
12	0.550000	1
13	0.550000	1
14	0.550000	1
15	0.550000	1
16	0.550000	1
17	0.550000	1
18	0.550000	1
19	0.550000	1
20	0.550000	1
21	0.550000	1
22	0.550000	1
23	0.550000	1
24	0.550000	1
25	0.550000	1
26	0.550000	1
27	0.550000	1
28	0.550000	1
29	0.550000	1
30	0.550000	1
31	0.550000	1
32	0.550000	1
33	0.550000	1
34	0.550000	1
35	0.550000	1
36	0.550000	1
37	0.550000	1
38	0.550000	1
39	0.550000	1
40	0.550000	1
41	0.550000	1
42	0.550000	1
43	0.550000	1
44	0.550000	1
45	0.550000	1
46	0.550000	1
47	0.550000	1
48	0.550000	1
49	0.550000	1
50	0.550000	1
51	0.550000	1
52	0.550000	1
53	0.550000	1
54	0.550000	1
55	0.550000	1
56	0.550000	1
57	0.550000	1
58	0.550000	1
59	0.550000	1
60	0.550000	1
61	0.550000	1
62	0.550000	1
63	0.550000	1
64	0.550000	1
65	0.550000	1
66	0.550000	1
67	0.550000	1
68	0.550000	1
69	0.550000	1
70	0.550000	1
71	0.550000	1
72	0.550000	1
73	0.550000	1
74	0.550000	1
75	0.550000	1
76	0.550000	1
77	0.550000	1
78	0.550000	1
79	0.550000	1
80	0.550000	1
81	0.550000	1
82	0.550000	1
83	0.550000	1
84	0.550000	1
85	0.550000	1
86	0.550000	1
87	0.550000	1
88	0.550000	1
89	0.550000	1
0	0.560000	1
1	0.560000	1
2	0.560000	1
3	0.560000	1
4	0.560000	1
5	0.560000	1
6	0.560000	1
7	0.560000	1
8	0.560000	1
9	0.560000	1
10	0.560000	1
11	0.560000	1
12	0.560000	1
13	0.560000	1
14	0.560000	1
15	0.560000	1
16	0.560000	1
17	0.560000	1
18	0.560000	1
19	0.560000	1
20	0.560000	1
21	0.560000	1
22	0.560000	1
23	0.560000	1
24	0.560000	1
25	0.560000	1
26	0.560000	1
27	0.560000	1
28	0.560000	1
29	0.560000	1
30	0.560000	1
31	0.560000	1
32	0.560000	1
33	0.560000	1
34	0.560000	1
35	0.560000	1
36	0.560000	1
37	0.560000	1
38	0.560000	1
39	0.560000	1
40	0.560000	1
41	0.560000	1
42	0.560000	1
43	0.560000	1
44	0.560000	1
45	0.560000	1
46	0.560000	1
47	0.560000	1
48	0.560000	1
49	0.560000	1
50	0.560000	1
51	0.560000	1
52	0.560000	1
53	0.560000	1
54	0.560000	1
55	0.560000	1
56	0.560000	1
57	0.560000	1
58	0.560000	1
59	0.560000	1
60	0.560000	1
61	0.560000	1
62	0.560000	1
63	0.560000	1
64	0.560000	1
65	0.560000	1
66	0.560000	1
67	0.560000	1
68	0.560000	1
69	0.560000	1
70	0.560000	1
71	0.560000	1
72	0.560000	1
73	0.560000	1
74	0.560000	1
75	0.560000	1
76	0.560000	1
77	0.560000	1
78	0.560000	1
79	0.560000	1
80	0.560000	1
81	0.560000	1
82	0.560000	1
83	0.560000	1
84	0.560000	1
85	0.560000	1
86	0.560000	1
87	0.560000	1
88	0.560000	1
89	0.560000	1
0	0.570000	1
1	0.570000	1
2	0.570000	1
3	0.570000	1
4	0.570000	1
5	0.570000	1
6	0.570000	1
7	0.570000	1
8	0.570000	1
9	0.570000	1
10	0.570000	1
11	0.570000	1
12	0.570000	1
13	0.570000	1
14	0.570000	1
15	0.570000	1
16	0.570000	1
17	0.570000	1
18	0.570000	1
19	0.570000	1
20	0.570000	1
21	0.570000	1
22	0.570000	1
23	0.570000	1
24	0.570000	1
25	0.570000	1
26	0.570000	1
27	0.570000	1
28	0.570000	1
29	0.570000	1
30	0.570000	1
31	0.570000	1
32	0.570000	1
33	0.570000	1
34	0.570000	1
35	0.570000	1
36	0.570000	1
37	0.570000	1
38	0.570000	1
39	0.570000	1
40	0.570000	1
41	0.570000	1
42	0.570000	1
43	0.570000	1
44	0.570000	1
45	0.570000	1
46	0.570000	1
47	0.570000	1
48	0.570000	1
49	0.570000	1
50	0.570000	1
51	0.570000	1
52	0.570000	1
53	0.570000	1
54	0.570000	1
55	0.570000	1
56	0.570000	1
57	0.570000	1
58	0.570000	1
59	0.570000	1
60	0.570000	1
61	0.570000	1
62	0.570000	1
63	0.570000	1
64	0.570000	1
65	0.570000	1
66	0.570000	1
67	0.570000	1
68	0.570000	1
69	0.570000	1
70	0.570000	1
71	0.570000	1
72	0.570000	1
73	0.570000	1
74	0.570000	1
75	0.570000	1
76	0.570000	1
77	0.570000	1
78	0.570000	1
79	0.570000	1
80	0.570000	1
81	0.570000	1
82	0.570000	1
83	0.570000	1
84	0.570000	1
85	0.570000	1
86	0.570000	1
87	0.570000	1
88	0.570000	1
89	0.570000	1
0	0.580000	1
1	0.580000	1
2	0.580000	1
3	0.580000	1
4	0.580000	1
5	0.580000	1
6	0.580000	1
7	0.580000	1
8	0.580000	1
9	0.580000	1
10	0.580000	1
11	0.580000	1
12	0.580000	1
13	0.580000	1
14	0.580000	1
15	0.580000	1
16	0.580000	1
17	0.580000	1
18	0.580000	1
19	0.580000	1
20	0.580000	1
21	0.580000	1
22	0.580000	1
23	0.580000	1
24	0.580000	1
25	0.580000	1
26	0.580000	1
27	0.580000	1
28	0.580000	1
29	0.580000	1
30	0.580000	1
31	0.580000	1
32	0.580000	1
33	0.580000	1
34	0.580000	1
35	0.580000	1
36	0.580000	1
37	0.580000	1
38	0.580000	1
39	0.580000	1
40	0.580000	1
41	0.580000	1
42	0.580000	1
43	0.580000	1
44	0.580000	1
45	0.580000	1
46	0.580000	1
47	0.580000	1
48	0.580000	1
49	0.580000	1
50	0.580000	1
51	0.580000	1
52	0.580000	1
53	0.580000	1
54	0.580000	1
55	0.580000	1
56	0.580000	1
57	0.580000	1
58	0.580000	1
59	0.580000	1
60	0.580000	1
61	0.580000	1
62	0.580000	1
63	0.580000	1
64	0.580000	1
65	0.580000	1
66	0.580000	1
67	0.580000	1
68	0.580000	1
69	0.580000	1
70	0.580000	1
71	0.580000	1
72	0.580000	1
73	0.580000	1
74	0.580000	1
75	0.580000	1
76	0.580000	1
77	0.580000	1
78	0.580000	1
79	0.580000	1
80	0.580000	1
81	0.580000	1
82	0.580000	1
83	0.580000	1
84	0.580000	1
85	0.580000	1
86	0.580000	1
87	0.580000	1
88	0.580000	1
89	0.580000	1
0	0.590000	1
1	0.590000	1
2	0.590000	1
3	0.590000	1
4	0.590000	1
5	0.590000	1
6	0.590000	1
7	0.590000	1
8	0.590000	1
9	0.590000	1
10	0.590000	1
11	0.590000	1
12	0.590000	1
13	0.590000	1
14	0.590000	1
15	0.590000	1
16	0.590000	1
17	0.590000	1
18	0.590000	1
19	0.590000	1
20	0.590000	1
21	0.590000	1
22	0.590000	1
23	0.590000	1
24	0.590000	1
25	0.590000	1
26	0.590000	1
27	0.590000	1
28	0.590000	1
29	0.590000	1
30	0.590000	1
31	0.590000	1
32	0.590000	1
33	0.590000	1
34	0.590000	1
35	0.590000	1
36	0.590000	1
37	0.590000	1
38	0.590000	1
39	0.590000	1
40	0.590000	1
41	0.590000	1
42	0.590000	1
43	0.590000	1
44	0.590000	1
45	0.590000	1
46	0.590000	1
47	0.590000	1
48	0.590000	1
49	0.590000	1
50	0.590000	1
51	0.590000	1
52	0.590000	1
53	0.590000	1
54	0.590000	1
55	0.590000	1
56	0.590000	1
57	0.590000	1
58	0.590000	1
59	0.590000	1
60	0.590000	1
61	0.590000	1
62	0.590000	1
63	0.590000	1
64	0.590000	1
65	0.590000	1
66	0.590000	1
67	0.590000	1
68	0.590000	1
69	0.590000	1
70	0.590000	1
71	0.590000	1
72	0.590000	1
73	0.590000	1
74	0.590000	1
75	0.590000	1
76	0.590000	1
77	0.590000	1
78	0.590000	1
79	0.590000	1
80	0.590000	1
81	0.590000	1
82	0.590000	1
83	0.590000	1
84	0.590000	1
85	0.590000	1
86	0.590000	1
87	0.590000	1
88	0.590000	1
89	0.590000	1
0	0.600000	1
1	0.600000	1
2	0.600000	1
3	0.600000	1
4	0.600000	1
5	0.600000	1
6	0.600000	1
7	0.600000	1
8	0.600000	1
9	0.600000	1
10	0.600000	1
11	0.600000	1
12	0.600000	1
13	0.600000	1
14	0.600000	1
15	0.600000	1
16	0.600000	1
17	0.600000	1
18	0.600000	1
19	0.600000	1
20	0.600000	1
21	0.600000	1
22	0.600000	1
23	0.600000	1
24	0.600000	1
25	0.600000	1
26	0.600000	1
27	0.600000	1
28	0.600000	1
29	0.600000	1
30	0.600000	1
31	0.600000	1
32	0.600000	1
33	0.600000	1
34	0.600000	1
35	0.600000	1
36	0.600000	1
37	0.600000	1
38	0.600000	1
39	0.600000	1
40	0.600000	1
41	0.600000	1
42	0.600000	1
43	0.600000	1
44	0.600000	1
45	0.600000	1
46	0.600000	1
47	0.600000	1
48	0.600000	1
49	0.600000	1
50	0.600000	1
51	0.600000	1
52	0.600000	1
53	0.600000	1
54	0.600000	1
55	0.600000	1
56	0.600000	1
57	0.600000	1
58	0.600000	1
59	0.600000	1
60	0.600000	1
61	0.600000	1
62	0.600000	1
63	0.600000	1
64	0.600000	1
65	0.600000	1
66	0.600000	1
67	0.600000	1
68	0.600000	1
69	0.600000	1
70	0.600000	1
71	0.600000	1
72	0.600000	1
73	0.600000	1
74	0.600000	1
75	0.600000	1
76	0.600000	1
77	0.600000	1
78	0.600000	1
79	0.600000	1
80	0.600000	1
81	0.600000	1
82	0.600000	1
83	0.600000	1
84	0.600000	1
85	0.600000	1
86	0.600000	1
87	0.600000	1
88	0.600000	1
89	0.600000	1
0	0.610000	1
1	0.610000	1
2	0.610000	1
3	0.610000	1
4	0.610000	1
5	0.610000	1
6	0.610000	1
7	0.610000	1
8	0.610000	1
9	0.610000	1
10	0.610000	1
11	0.610000	1
12	0.610000	1
13	0.610000	1
14	0.610000	1
15	0.610000	1
16	0.610000	1
17	0.610000	1
18	0.610000	1
19	0.610000	1
20	0.610000	1
21	0.610000	1
22	0.610000	1
23	0.610000	1
24	0.610000	1
25	0.610000	1
26	0.610000	1
27	0.610000	1
28	0.610000	1
29	0.610000	1
30	0.610000	1
31	0.610000	1
32	0.610000	1
33	0.610000	1
34	0.610000	1
35	0.610000	1
36	0.610000	1
37	0.610000	1
38	0.610000	1
39	0.610000	1
40	0.610000	1
41	0.610000	1
42	0.610000	1
43	0.610000	1
44	0.610000	1
45	0.610000	1
46	0.610000	1
47	0.610000	1
48	0.610000	1
49	0.610000	1
50	0.610000	1
51	0.610000	1
52	0.610000	1
53	0.610000	1
54	0.610000	1
55	0.610000	1
56	0.610000	1
57	0.610000	1
58	0.610000	1
59	0.610000	1
60	0.610000	1
61	0.610000	1
62	0.610000	1
63	0.610000	1
64	0.610000	1
65	0.610000	1
66	0.610000	1
67	0.610000	1
68	0.610000	1
69	0.610000	1
70	0.610000	1
71	0.610000	1
72	0.610000	1
73	0.610000	1
74	0.610000	1
75	0.610000	1
76	0.610000	1
77	0.610000	1
78	0.610000	1
79	0.610000	1
80	0.610000	1
81	0.610000	1
82	0.610000	1
83	0.610000	1
84	0.610000	1
85	0.610000	1
86	0.610000	1
87	0.610000	1
88	0.610000	1
89	0.610000	1
0	0.620000	1
1	0.620000	1
2	0.620000	1
3	0.620000	1
4	0.620000	1
5	0.620000	1
6	0.620000	1
7	0.620000	1
8	0.620000	1
9	0.620000	1
10	0.620000	1
11	0.620000	1
12	0.620000	1
13	0.620000	1
14	0.620000	1
15	0.620000	1
16	0.620000	1
17	0.620000	1
18	0.620000	1
19	0.620000	1
20	0.620000	1
21	0.620000	1
22	0.620000	1
23	0.620000	1
24	0.620000	1
25	0.620000	1
26	0.620000	1
27	0.620000	1
28	0.620000	1
29	0.620000	1
30	0.620000	1
31	0.620000	1
32	0.620000	1
33	0.620000	1
34	0.620000	1
35	0.620000	1
36	0.620000	1
37	0.620000	1
38	0.620000	1
39	0.620000	1
40	0.620000	1
41	0.620000	1
42	0.620000	1
43	0.620000	1
44	0.620000	1
45	0.620000	1
46	0.620000	1
47	0.620000	1
48	0.620000	1
49	0.620000	1
50	0.620000	1
51	0.620000	1
52	0.620000	1
53	0.620000	1
54	0.620000	1
55	0.620000	1
56	0.620000	1
57	0.620000	1
58	0.620000	1
59	0.620000	1
60	0.620000	1
61	0.620000	1
62	0.620000	1
63	0.620000	1
64	0.620000	1
65	0.620000	1
66	0.620000	1
67	0.620000	1
68	0.620000	1
69	0.620000	1
70	0.620000	1
71	0.620000	1
72	0.620000	1
73	0.620000	1
74	0.620000	1
75	0.620000	1
76	0.620000	1
77	0.620000	1
78	0.620000	1
79	0.620000	1
80	0.620000	1
81	0.620000	1
82	0.620000	1
83	0.620000	1
84	0.620000	1
85	0.620000	1
86	0.620000	1
87	0.620000	1
88	0.620000	1
89	0.620000	1
0	0.630000	1
1	0.630000	1
2	0.630000	1
3	0.630000	1
4	0.630000	1
5	0.630000	1
6	0.630000	1
7	0.630000	1
8	0.630000	1
9	0.630000	1
10	0.630000	1
11	0.630000	1
12	0.630000	1
13	0.630000	1
14	0.630000	1
15	0.630000	1
16	0.630000	1
17	0.630000	1
18	0.630000	1
19	0.630000	1
20	0.630000	1
21	0.630000	1
22	0.630000	1
23	0.630000	1
24	0.630000	1
25	0.630000	1
26	0.630000	1
27	0.630000	1
28	0.630000	1
29	0.630000	1
30	0.630000	1
31	0.630000	1
32	0.630000	1
33	0.630000	1
34	0.630000	1
35	0.630000	1
36	0.630000	1
37	0.630000	1
38	0.630000	1
39	0.630000	1
40	0.630000	1
41	0.630000	1
42	0.630000	1
43	0.630000	1
44	0.630000	1
45	0.630000	1
46	0.630000	1
47	0.630000	1
48	0.630000	1
49	0.630000	1
50	0.630000	1
51	0.630000	1
52	0.630000	1
53	0.630000	1
54	0.630000	1
55	0.630000	1
56	0.630000	1
57	0.630000	1
58	0.630000	1
59	0.630000	1
60	0.630000	1
61	0.630000	1
62	0.630000	1
63	0.630000	1
64	0.630000	1
65	0.630000	1
66	0.630000	1
67	0.630000	1
68	0.630000	1
69	0.630000	1
70	0.630000	1
71	0.630000	1
72	0.630000	1
73	0.630000	1
74	0.630000	1
75	0.630000	1
76	0.630000	1
77	0.630000	1
78	0.630000	1
79	0.630000	1
80	0.630000	1
81	0.630000	1
82	0.630000	1
83	0.630000	1
84	0.630000	1
85	0.630000	1
86	0.630000	1
87	0.630000	1
88	0.630000	1
89	0.630000	1
0	0.640000	1
1	0.640000	1
2	0.640000	1
3	0.640000	1
4	0.640000	1
5	0.640000	1
6	0.640000	1
7	0.640000	1
8	0.640000	1
9	0.640000	1
10	0.640000	1
11	0.640000	1
12	0.640000	1
13	0.640000	1
14	0.640000	1
15	0.640000	1
16	0.640000	1
17	0.640000	1
18	0.640000	1
19	0.640000	1
20	0.640000	1
21	0.640000	1
22	0.640000	1
23	0.640000	1
24	0.640000	1
25	0.640000	1
26	0.640000	1
27	0.640000	1
28	0.640000	1
29	0.640000	1
30	0.640000	1
31	0.640000	1
32	0.640000	1
33	0.640000	1
34	0.640000	1
35	0.640000	1
36	0.640000	1
37	0.640000	1
38	0.640000	1
39	0.640000	1
40	0.640000	1
41	0.640000	1
42	0.640000	1
43	0.640000	1
44	0.640000	1
45	0.640000	1
46	0.640000	1
47	0.640000	1
48	0.640000	1
49	0.640000	1
50	0.640000	1
51	0.640000	1
52	0.640000	1
53	0.640000	1
54	0.640000	1
55	0.640000	1
56	0.640000	1
57	0.640000	1
58	0.640000	1
59	0.640000	1
60	0.640000	1
61	0.640000	1
62	0.640000	1
63	0.640000	1
64	0.640000	1
65	0.640000	1
66	0.640000	1
67	0.640000	1
68	0.640000	1
69	0.640000	1
70	0.640000	1
71	0.640000	1
72	0.640000	1
73	0.640000	1
74	0.640000	1
75	0.640000	1
76	0.640000	1
77	0.640000	1
78	0.640000	1
79	0.640000	1
80	0.640000	1
81	0.640000	1
82	0.640000	1
83	0.640000	1
84	0.640000	1
85	0.640000	1
86	0.640000	1
87	0.640000	1
88	0.640000	1
89	0.640000	1
0	0.650000	1
1	0.650000	1
2	0.650000	1
3	0.650000	1
4	0.650000	1
5	0.650000	1
6	0.650000	1
7	0.650000	1
8	0.650000	1
9	0.650000	1
10	0.650000	1
11	0.650000	1
12	0.650000	1
13	0.650000	1
14	0.650000	1
15	0.650000	1
16	0.650000	1
17	0.650000	1
18	0.650000	1
19	0.650000	1
20	0.650000	1
21	0.650000	1
22	0.650000	1
23	0.650000	1
24	0.650000	1
25	0.650000	1
26	0.650000	1
27	0.650000	1
28	0.650000	1
29	0.650000	1
30	0.650000	1
31	0.650000	1
32	0.650000	1
33	0.650000	1
34	0.650000	1
35	0.650000	1
36	0.650000	1
37	0.650000	1
38	0.650000	1
39	0.650000	1
40	0.650000	1
41	0.650000	1
42	0.650000	1
43	0.650000	1
44	0.650000	1
45	0.650000	1
46	0.650000	1
47	0.650000	1
48	0.650000	1
49	0.650000	1
50	0.650000	1
51	0.650000	1
52	0.650000	1
53	0.650000	1
54	0.650000	1
55	0.650000	1
56	0.650000	1
57	0.650000	1
58	0.650000	1
59	0.650000	1
60	0.650000	1
61	0.650000	1
62	0.650000	1
63	0.650000	1
64	0.650000	1
65	0.650000	1
66	0.650000	1
67	0.650000	1
68	0.650000	1
69	0.650000	1
70	0.650000	1
71	0.650000	1
72	0.650000	1
73	0.650000	1
74	0.650000	1
75	0.650000	1
76	0.650000	1
77	0.650000	1
78	0.650000	1
79	0.650000	1
80	0.650000	1
81	0.650000	1
82	0.650000	1
83	0.650000	1
84	0.650000	1
85	0.650000	1
86	0.650000	1
87	0.650000	1
88	0.650000	1
89	0.650000	1
0	0.660000	1
1	0.660000	1
2	0.660000	1
3	0.660000	1
4	0.660000	1
5	0.660000	1
6	0.660000	1
7	0.660000	1
8	0.660000	1
9	0.660000	1
10	0.660000	1
11	0.660000	1
12	0.660000	1
13	0.660000	1
14	0.660000	1
15	0.660000	1
16	0.660000	1
17	0.660000	1
18	0.660000	1
19	0.660000	1
20	0.660000	1
21	0.660000	1
22	0.660000	1
23	0.660000	1
24	0.660000	1
25	0.660000	1
26	0.660000	1
27	0.660000	1
28	0.660000	1
29	0.660000	1
30	0.660000	1
31	0.660000	1
32	0.660000	1
33	0.660000	1
34	0.660000	1
35	0.660000	1
36	0.660000	1
37	0.660000	1
38	0.660000	1
39	0.660000	1
40	0.660000	1
41	0.660000	1
42	0.660000	1
43	0.660000	1
44	0.660000	1
45	0.660000	1
46	0.660000	1
47	0.660000	1
48	0.660000	1
49	0.660000	1
50	0.660000	1
51	0.660000	1
52	0.660000	1
53	0.660000	1
54	0.660000	1
55	0.660000	1
56	0.660000	1
57	0.660000	1
58	0.660000	1
59	0.660000	1
60	0.660000	1
61	0.660000	1
62	0.660000	1
63	0.660000	1
64	0.660000	1
65	0.660000	1
66	0.660000	1
67	0.660000	1
68	0.660000	1
69	0.660000	1
70	0.660000	1
71	0.660000	1
72	0.660000	1
73	0.660000	1
74	0.660000	1
75	0.660000	1
76	0.660000	1
77	0.660000	1
78	0.660000	1
79	0.660000	1
80	0.660000	1
81	0.660000	1
82	0.660000	1
83	0.660000	1
84	0.660000	1
85	0.660000	1
86	0.660000	1
87	0.660000	1
88	0.660000	1
89	0.660000	1
0	0.670000	1
1	0.670000	1
2	0.670000	1
3	0.670000	1
4	0.670000	1
5	0.670000	1
6	0.670000	1
7	0.670000	1
8	0.670000	1
9	0.670000	1
10	0.670000	1
11	0.670000	1
12	0.670000	1
13	0.670000	1
14	0.670000	1
15	0.670000	1
16	0.670000	1
17	0.670000	1
18	0.670000	1
19	0.670000	1
20	0.670000	1
21	0.670000	1
22	0.670000	1
23	0.670000	1
24	0.670000	1
25	0.670000	1
26	0.670000	1
27	0.670000	1
28	0.670000	1
29	0.670000	1
30	0.670000	1
31	0.670000	1
32	0.670000	1
33	0.670000	1
34	0.670000	1
35	0.670000	1
36	0.670000	1
37	0.670000	1
38	0.670000	1
39	0.670000	1
40	0.670000	1
41	0.670000	1
42	0.670000	1
43	0.670000	1
44	0.670000	1
45	0.670000	1
46	0.670000	1
47	0.670000	1
48	0.670000	1
49	0.670000	1
50	0.670000	1
51	0.670000	1
52	0.670000	1
53	0.670000	1
54	0.670000	1
55	0.670000	1
56	0.670000	1
57	0.670000	1
58	0.670000	1
59	0.670000	1
60	0.670000	1
61	0.670000	1
62	0.670000	1
63	0.670000	1
64	0.670000	1
65	0.670000	1
66	0.670000	1
67	0.670000	1
68	0.670000	1
69	0.670000	1
70	0.670000	1
71	0.670000	1
72	0.670000	1
73	0.670000	1
74	0.670000	1
75	0.670000	1
76	0.670000	1
77	0.670000	1
78	0.670000	1
79	0.670000	1
80	0.670000	1
81	0.670000	1
82	0.670000	1
83	0.670000	1
84	0.670000	1
85	0.670000	1
86	0.670000	1
87	0.670000	1
88	0.670000	1
89	0.670000	1
0	0.680000	1
1	0.680000	1
2	0.680000	1
3	0.680000	1
4	0.680000	1
5	0.680000	1
6	0.680000	1
7	0.680000	1
8	0.680000	1
9	0.680000	1
10	0.680000	1
11	0.680000	1
12	0.680000	1
13	0.680000	1
14	0.680000	1
15	0.680000	1
16	0.680000	1
17	0.680000	1
18	0.680000	1
19	0.680000	1
20	0.680000	1
21	0.680000	1
22	0.680000	1
23	0.680000	1
24	0.680000	1
25	0.680000	1
26	0.680000	1
27	0.680000	1
28	0.680000	1
29	0.680000	1
30	0.680000	1
31	0.680000	1
32	0.680000	1
33	0.680000	1
34	0.680000	1
35	0.680000	1
36	0.680000	1
37	0.680000	1
38	0.680000	1
39	0.680000	1
40	0.680000	1
41	0.680000	1
42	0.680000	1
43	0.680000	1
44	0.680000	1
45	0.680000	1
46	0.680000	1
47	0.680000	1
48	0.680000	1
49	0.680000	1
50	0.680000	1
51	0.680000	1
52	0.680000	1
53	0.680000	1
54	0.680000	1
55	0.680000	1
56	0.680000	1
57	0.680000	1
58	0.680000	1
59	0.680000	1
60	0.680000	1
61	0.680000	1
62	0.680000	1
63	0.680000	1
64	0.680000	1
65	0.680000	1
66	0.680000	1
67	0.680000	1
68	0.680000	1
69	0.680000	1
70	0.680000	1
71	0.680000	1
72	0.680000	1
73	0.680000	1
74	0.680000	1
75	0.680000	1
76	0.680000	1
77	0.680000	1
78	0.680000	1
79	0.680000	1
80	0.680000	1
81	0.680000	1
82	0.680000	1
83	0.680000	1
84	0.680000	1
85	0.680000	1
86	0.680000	1
87	0.680000	1
88	0.680000	1
89	0.680000	1
0	0.690000	1
1	0.690000	1
2	0.690000	1
3	0.690000	1
4	0.690000	1
5	0.690000	1
6	0.690000	1
7	0.690000	1
8	0.690000	1
9	0.690000	1
10	0.690000	1
11	0.690000	1
12	0.690000	1
13	0.690000	1
14	0.690000	1
15	0.690000	1
16	0.690000	1
17	0.690000	1
18	0.690000	1
19	0.690000	1
20	0.690000	1
21	0.690000	1
22	0.690000	1
23	0.690000	1
24	0.690000	1
25	0.690000	1
26	0.690000	1
27	0.690000	1
28	0.690000	1
29	0.690000	1
30	0.690000	1
31	0.690000	1
32	0.690000	1
33	0.690000	1
34	0.690000	1
35	0.690000	1
36	0.690000	1
37	0.690000	1
38	0.690000	1
39	0.690000	1
40	0.690000	1
41	0.690000	1
42	0.690000	1
44	0.690000	1
45	0.690000	1
46	0.690000	1
47	0.690000	1
48	0.690000	1
49	0.690000	1
50	0.690000	1
51	0.690000	1
52	0.690000	1
53	0.690000	1
54	0.690000	1
55	0.690000	1
56	0.690000	1
57	0.690000	1
58	0.690000	1
59	0.690000	1
60	0.690000	1
61	0.690000	1
62	0.690000	1
63	0.690000	1
64	0.690000	1
65	0.690000	1
66	0.690000	1
67	0.690000	1
68	0.690000	1
69	0.690000	1
70	0.690000	1
71	0.690000	1
72	0.690000	1
73	0.690000	1
74	0.690000	1
75	0.690000	1
76	0.690000	1
77	0.690000	1
78	0.690000	1
79	0.690000	1
80	0.690000	1
81	0.690000	1
82	0.690000	1
83	0.690000	1
84	0.690000	1
85	0.690000	1
86	0.690000	1
87	0.690000	1
89	0.690000	1
43	0.690000	2
88	0.690000	3
0	0.700000	1
1	0.700000	1
2	0.700000	1
3	0.700000	1
4	0.700000	1
5	0.700000	1
6	0.700000	1
7	0.700000	1
8	0.700000	1
9	0.700000	1
10	0.700000	1
11	0.700000	1
12	0.700000	1
13	0.700000	1
14	0.700000	1
15	0.700000	1
16	0.700000	1
17	0.700000	1
18	0.700000	1
19	0.700000	1
20	0.700000	1
21	0.700000	1
22	0.700000	1
23	0.700000	1
24	0.700000	1
25	0.700000	1
26	0.700000	1
27	0.700000	1
28	0.700000	1
29	0.700000	1
30	0.700000	1
31	0.700000	1
32	0.700000	1
33	0.700000	1
34	0.700000	1
35	0.700000	1
36	0.700000	1
37	0.700000	1
38	0.700000	1
39	0.700000	1
40	0.700000	1
41	0.700000	1
42	0.700000	1
44	0.700000	1
45	0.700000	1
46	0.700000	1
47	0.700000	1
48	0.700000	1
49	0.700000	1
50	0.700000	1
51	0.700000	1
52	0.700000	1
53	0.700000	1
54	0.700000	1
55	0.700000	1
56	0.700000	1
57	0.700000	1
58	0.700000	1
59	0.700000	1
60	0.700000	1
61	0.700000	1
62	0.700000	1
63	0.700000	1
64	0.700000	1
65	0.700000	1
66	0.700000	1
67	0.700000	1
68	0.700000	1
69	0.700000	1
70	0.700000	1
71	0.700000	1
72	0.700000	1
73	0.700000	1
74	0.700000	1
75	0.700000	1
76	0.700000	1
77	0.700000	1
78	0.700000	1
79	0.700000	1
80	0.700000	1
81	0.700000	1
82	0.700000	1
83	0.700000	1
84	0.700000	1
85	0.700000	1
86	0.700000	1
87	0.700000	1
89	0.700000	1
43	0.700000	2
88	0.700000	3
0	0.710000	1
1	0.710000	1
2	0.710000	1
3	0.710000	1
4	0.710000	1
5	0.710000	1
6	0.710000	1
7	0.710000	1
8	0.710000	1
9	0.710000	1
10	0.710000	1
11	0.710000	1
12	0.710000	1
13	0.710000	1
14	0.710000	1
15	0.710000	1
16	0.710000	1
17	0.710000	1
18	0.710000	1
19	0.710000	1
20	0.710000	1
21	0.710000	1
22	0.710000	1
23	0.710000	1
24	0.710000	1
25	0.710000	1
26	0.710000	1
27	0.710000	1
28	0.710000	1
29	0.710000	1
30	0.710000	1
31	0.710000	1
32	0.710000	1
33	0.710000	1
34	0.710000	1
35	0.710000	1
36	0.710000	1
37	0.710000	1
38	0.710000	1
39	0.710000	1
40	0.710000	1
41	0.710000	1
42	0.710000	1
44	0.710000	1
45	0.710000	1
46	0.710000	1
47	0.710000	1
48	0.710000	1
49	0.710000	1
50	0.710000	1
51	0.710000	1
52	0.710000	1
53	0.710000	1
54	0.710000	1
55	0.710000	1
56	0.710000	1
57	0.710000	1
58	0.710000	1
59	0.710000	1
60	0.710000	1
61	0.710000	1
62	0.710000	1
63	0.710000	1
64	0.710000	1
65	0.710000	1
66	0.710000	1
67	0.710000	1
68	0.710000	1
69	0.710000	1
70	0.710000	1
71	0.710000	1
72	0.710000	1
73	0.710000	1
74	0.710000	1
75	0.710000	1
76	0.710000	1
77	0.710000	1
78	0.710000	1
79	0.710000	1
80	0.710000	1
81	0.710000	1
82	0.710000	1
83	0.710000	1
84	0.710000	1
85	0.710000	1
86	0.710000	1
87	0.710000	1
89	0.710000	1
43	0.710000	2
88	0.710000	3
0	0.720000	1
1	0.720000	1
2	0.720000	1
3	0.720000	1
4	0.720000	1
5	0.720000	1
6	0.720000	1
7	0.720000	1
8	0.720000	1
9	0.720000	1
10	0.720000	1
11	0.720000	1
12	0.720000	1
13	0.720000	1
14	0.720000	1
15	0.720000	1
16	0.720000	1
17	0.720000	1
18	0.720000	1
19	0.720000	1
20	0.720000	1
21	0.720000	1
22	0.720000	1
23	0.720000	1
24	0.720000	1
25	0.720000	1
26	0.720000	1
27	0.720000	1
28	0.720000	1
29	0.720000	1
30	0.720000	1
31	0.720000	1
32	0.720000	1
33	0.720000	1
34	0.720000	1
35	0.720000	1
36	0.720000	1
37	0.720000	1
38	0.720000	1
39	0.720000	1
40	0.720000	1
41	0.720000	1
42	0.720000	1
44	0.720000	1
45	0.720000	1
46	0.720000	1
47	0.720000	1
48	0.720000	1
49	0.720000	1
50	0.720000	1
51	0.720000	1
52	0.720000	1
53	0.720000	1
54	0.720000	1
55	0.720000	1
56	0.720000	1
57	0.720000	1
58	0.720000	1
59	0.720000	1
60	0.720000	1
61	0.720000	1
62	0.720000	1
63	0.720000	1
64	0.720000	1
65	0.720000	1
66	0.720000	1
67	0.720000	1
68	0.720000	1
69	0.720000	1
70	0.720000	1
71	0.720000	1
72	0.720000	1
73	0.720000	1
74	0.720000	1
75	0.720000	1
76	0.720000	1
77	0.720000	1
78	0.720000	1
79	0.720000	1
80	0.720000	1
81	0.720000	1
82	0.720000	1
83	0.720000	1
84	0.720000	1
85	0.720000	1
86	0.720000	1
87	0.720000	1
89	0.720000	1
43	0.720000	2
88	0.720000	3
0	0.730000	1
1	0.730000	1
2	0.730000	1
3	0.730000	1
4	0.730000	1
5	0.730000	1
6	0.730000	1
7	0.730000	1
8	0.730000	1
9	0.730000	1
10	0.730000	1
11	0.730000	1
12	0.730000	1
13	0.730000	1
14	0.730000	1
15	0.730000	1
16	0.730000	1
17	0.730000	1
18	0.730000	1
19	0.730000	1
20	0.730000	1
21	0.730000	1
22	0.730000	1
23	0.730000	1
24	0.730000	1
25	0.730000	1
26	0.730000	1
27	0.730000	1
28	0.730000	1
29	0.730000	1
30	0.730000	1
31	0.730000	1
32	0.730000	1
33	0.730000	1
34	0.730000	1
35	0.730000	1
36	0.730000	1
37	0.730000	1
38	0.730000	1
39	0.730000	1
40	0.730000	1
41	0.730000	1
42	0.730000	1
44	0.730000	1
45	0.730000	1
46	0.730000	1
47	0.730000	1
48	0.730000	1
50	0.730000	1
51	0.730000	1
52	0.730000	1
53	0.730000	1
54	0.730000	1
55	0.730000	1
56	0.730000	1
57	0.730000	1
58	0.730000	1
59	0.730000	1
60	0.730000	1
61	0.730000	1
62	0.730000	1
63	0.730000	1
64	0.730000	1
65	0.730000	1
66	0.730000	1
67	0.730000	1
68	0.730000	1
69	0.730000	1
70	0.730000	1
71	0.730000	1
72	0.730000	1
73	0.730000	1
74	0.730000	1
75	0.730000	1
76	0.730000	1
77	0.730000	1
78	0.730000	1
79	0.730000	1
80	0.730000	1
81	0.730000	1
82	0.730000	1
83	0.730000	1
84	0.730000	1
85	0.730000	1
86	0.730000	1
87	0.730000	1
89	0.730000	1
43	0.730000	2
49	0.730000	3
88	0.730000	4
0	0.740000	1
1	0.740000	1
2	0.740000	1
3	0.740000	1
5	0.740000	1
6	0.740000	1
7	0.740000	1
8	0.740000	1
9	0.740000	1
10	0.740000	1
11	0.740000	1
12	0.740000	1
13	0.740000	1
14	0.740000	1
15	0.740000	1
16	0.740000	1
17	0.740000	1
18	0.740000	1
19	0.740000	1
20	0.740000	1
21	0.740000	1
22	0.740000	1
23	0.740000	1
24	0.740000	1
25	0.740000	1
26	0.740000	1
27	0.740000	1
28	0.740000	1
29	0.740000	1
30	0.740000	1
31	0.740000	1
32	0.740000	1
33	0.740000	1
34	0.740000	1
35	0.740000	1
36	0.740000	1
37	0.740000	1
38	0.740000	1
39	0.740000	1
40	0.740000	1
41	0.740000	1
42	0.740000	1
44	0.740000	1
45	0.740000	1
46	0.740000	1
48	0.740000	1
50	0.740000	1
51	0.740000	1
52	0.740000	1
53	0.740000	1
54	0.740000	1
56	0.740000	1
57	0.740000	1
58	0.740000	1
59	0.740000	1
60	0.740000	1
61	0.740000	1
62	0.740000	1
63	0.740000	1
64	0.740000	1
65	0.740000	1
66	0.740000	1
67	0.740000	1
68	0.740000	1
69	0.740000	1
70	0.740000	1
71	0.740000	1
72	0.740000	1
73	0.740000	1
74	0.740000	1
75	0.740000	1
76	0.740000	1
77	0.740000	1
78	0.740000	1
79	0.740000	1
80	0.740000	1
81	0.740000	1
82	0.740000	1
83	0.740000	1
84	0.740000	1
85	0.740000	1
86	0.740000	1
87	0.740000	1
89	0.740000	1
55	0.740000	2
47	0.740000	2
4	0.740000	3
43	0.740000	4
49	0.740000	5
88	0.740000	6
0	0.750000	1
1	0.750000	1
2	0.750000	1
3	0.750000	1
5	0.750000	1
6	0.750000	1
8	0.750000	1
9	0.750000	1
10	0.750000	1
11	0.750000	1
12	0.750000	1
13	0.750000	1
14	0.750000	1
15	0.750000	1
16	0.750000	1
17	0.750000	1
18	0.750000	1
19	0.750000	1
21	0.750000	1
22	0.750000	1
23	0.750000	1
24	0.750000	1
25	0.750000	1
26	0.750000	1
27	0.750000	1
28	0.750000	1
29	0.750000	1
30	0.750000	1
31	0.750000	1
33	0.750000	1
34	0.750000	1
35	0.750000	1
36	0.750000	1
37	0.750000	1
38	0.750000	1
39	0.750000	1
40	0.750000	1
41	0.750000	1
42	0.750000	1
44	0.750000	1
45	0.750000	1
46	0.750000	1
47	0.750000	1
48	0.750000	1
50	0.750000	1
51	0.750000	1
53	0.750000	1
54	0.750000	1
55	0.750000	1
56	0.750000	1
57	0.750000	1
58	0.750000	1
59	0.750000	1
60	0.750000	1
61	0.750000	1
62	0.750000	1
63	0.750000	1
64	0.750000	1
65	0.750000	1
66	0.750000	1
67	0.750000	1
68	0.750000	1
69	0.750000	1
70	0.750000	1
71	0.750000	1
72	0.750000	1
73	0.750000	1
74	0.750000	1
75	0.750000	1
76	0.750000	1
78	0.750000	1
79	0.750000	1
80	0.750000	1
81	0.750000	1
82	0.750000	1
83	0.750000	1
84	0.750000	1
85	0.750000	1
86	0.750000	1
87	0.750000	1
89	0.750000	1
20	0.750000	2
7	0.750000	2
4	0.750000	3
32	0.750000	4
43	0.750000	5
49	0.750000	6
52	0.750000	7
77	0.750000	8
88	0.750000	9
0	0.760000	1
1	0.760000	1
3	0.760000	1
5	0.760000	1
6	0.760000	1
8	0.760000	1
9	0.760000	1
10	0.760000	1
11	0.760000	1
12	0.760000	1
13	0.760000	1
14	0.760000	1
16	0.760000	1
17	0.760000	1
18	0.760000	1
19	0.760000	1
20	0.760000	1
21	0.760000	1
22	0.760000	1
23	0.760000	1
24	0.760000	1
25	0.760000	1
26	0.760000	1
27	0.760000	1
28	0.760000	1
33	0.760000	1
34	0.760000	1
35	0.760000	1
36	0.760000	1
37	0.760000	1
38	0.760000	1
39	0.760000	1
40	0.760000	1
41	0.760000	1
42	0.760000	1
44	0.760000	1
45	0.760000	1
46	0.760000	1
48	0.760000	1
50	0.760000	1
51	0.760000	1
53	0.760000	1
54	0.760000	1
55	0.760000	1
56	0.760000	1
57	0.760000	1
58	0.760000	1
59	0.760000	1
60	0.760000	1
61	0.760000	1
62	0.760000	1
63	0.760000	1
64	0.760000	1
65	0.760000	1
66	0.760000	1
67	0.760000	1
68	0.760000	1
69	0.760000	1
70	0.760000	1
71	0.760000	1
72	0.760000	1
73	0.760000	1
74	0.760000	1
75	0.760000	1
78	0.760000	1
79	0.760000	1
80	0.760000	1
81	0.760000	1
82	0.760000	1
83	0.760000	1
84	0.760000	1
85	0.760000	1
86	0.760000	1
87	0.760000	1
89	0.760000	1
31	0.760000	2
76	0.760000	2
15	0.760000	2
2	0.760000	3
47	0.760000	3
29	0.760000	4
30	0.760000	4
4	0.760000	5
7	0.760000	6
32	0.760000	7
43	0.760000	8
49	0.760000	9
52	0.760000	10
77	0.760000	11
88	0.760000	12
0	0.770000	1
1	0.770000	1
2	0.770000	1
3	0.770000	1
5	0.770000	1
6	0.770000	1
8	0.770000	1
9	0.770000	1
10	0.770000	1
11	0.770000	1
12	0.770000	1
13	0.770000	1
14	0.770000	1
15	0.770000	1
16	0.770000	1
17	0.770000	1
18	0.770000	1
19	0.770000	1
21	0.770000	1
22	0.770000	1
23	0.770000	1
24	0.770000	1
25	0.770000	1
26	0.770000	1
27	0.770000	1
28	0.770000	1
29	0.770000	1
30	0.770000	1
31	0.770000	1
33	0.770000	1
36	0.770000	1
37	0.770000	1
38	0.770000	1
39	0.770000	1
40	0.770000	1
41	0.770000	1
42	0.770000	1
45	0.770000	1
46	0.770000	1
50	0.770000	1
51	0.770000	1
53	0.770000	1
54	0.770000	1
55	0.770000	1
56	0.770000	1
57	0.770000	1
58	0.770000	1
59	0.770000	1
60	0.770000	1
61	0.770000	1
62	0.770000	1
63	0.770000	1
64	0.770000	1
66	0.770000	1
67	0.770000	1
68	0.770000	1
69	0.770000	1
70	0.770000	1
71	0.770000	1
72	0.770000	1
73	0.770000	1
74	0.770000	1
75	0.770000	1
76	0.770000	1
78	0.770000	1
79	0.770000	1
80	0.770000	1
81	0.770000	1
82	0.770000	1
83	0.770000	1
84	0.770000	1
85	0.770000	1
86	0.770000	1
87	0.770000	1
89	0.770000	1
34	0.770000	2
20	0.770000	2
35	0.770000	3
44	0.770000	3
48	0.770000	4
47	0.770000	4
4	0.770000	5
7	0.770000	6
32	0.770000	7
43	0.770000	8
49	0.770000	9
52	0.770000	10
65	0.770000	11
77	0.770000	12
88	0.770000	13
0	0.780000	1
1	0.780000	1
3	0.780000	1
5	0.780000	1
6	0.780000	1
8	0.780000	1
9	0.780000	1
10	0.780000	1
11	0.780000	1
12	0.780000	1
13	0.780000	1
14	0.780000	1
15	0.780000	1
16	0.780000	1
17	0.780000	1
18	0.780000	1
19	0.780000	1
21	0.780000	1
22	0.780000	1
23	0.780000	1
24	0.780000	1
25	0.780000	1
26	0.780000	1
27	0.780000	1
28	0.780000	1
29	0.780000	1
30	0.780000	1
31	0.780000	1
33	0.780000	1
36	0.780000	1
37	0.780000	1
38	0.780000	1
39	0.780000	1
40	0.780000	1
41	0.780000	1
45	0.780000	1
46	0.780000	1
48	0.780000	1
51	0.780000	1
53	0.780000	1
54	0.780000	1
55	0.780000	1
56	0.780000	1
57	0.780000	1
58	0.780000	1
59	0.780000	1
60	0.780000	1
61	0.780000	1
62	0.780000	1
63	0.780000	1
64	0.780000	1
66	0.780000	1
67	0.780000	1
68	0.780000	1
69	0.780000	1
70	0.780000	1
71	0.780000	1
72	0.780000	1
73	0.780000	1
74	0.780000	1
75	0.780000	1
76	0.780000	1
79	0.780000	1
81	0.780000	1
82	0.780000	1
83	0.780000	1
84	0.780000	1
85	0.780000	1
86	0.780000	1
87	0.780000	1
34	0.780000	2
42	0.780000	2
80	0.780000	3
35	0.780000	3
50	0.780000	4
78	0.780000	4
2	0.780000	5
4	0.780000	6
7	0.780000	7
20	0.780000	8
32	0.780000	9
43	0.780000	10
44	0.780000	11
47	0.780000	12
49	0.780000	13
52	0.780000	14
65	0.780000	15
77	0.780000	16
88	0.780000	17
89	0.780000	18
0	0.790000	1
1	0.790000	1
3	0.790000	1
5	0.790000	1
6	0.790000	1
8	0.790000	1
9	0.790000	1
10	0.790000	1
11	0.790000	1
12	0.790000	1
13	0.790000	1
14	0.790000	1
15	0.790000	1
17	0.790000	1
18	0.790000	1
19	0.790000	1
21	0.790000	1
22	0.790000	1
23	0.790000	1
24	0.790000	1
25	0.790000	1
26	0.790000	1
27	0.790000	1
28	0.790000	1
29	0.790000	1
33	0.790000	1
35	0.790000	1
36	0.790000	1
37	0.790000	1
38	0.790000	1
39	0.790000	1
40	0.790000	1
42	0.790000	1
45	0.790000	1
46	0.790000	1
48	0.790000	1
50	0.790000	1
51	0.790000	1
53	0.790000	1
54	0.790000	1
55	0.790000	1
56	0.790000	1
57	0.790000	1
58	0.790000	1
59	0.790000	1
60	0.790000	1
61	0.790000	1
63	0.790000	1
66	0.790000	1
67	0.790000	1
68	0.790000	1
69	0.790000	1
70	0.790000	1
71	0.790000	1
72	0.790000	1
73	0.790000	1
74	0.790000	1
75	0.790000	1
78	0.790000	1
80	0.790000	1
81	0.790000	1
82	0.790000	1
83	0.790000	1
84	0.790000	1
85	0.790000	1
87	0.790000	1
16	0.790000	2
64	0.790000	2
62	0.790000	2
76	0.790000	3
31	0.790000	3
34	0.790000	4
79	0.790000	4
2	0.790000	5
4	0.790000	6
7	0.790000	7
20	0.790000	8
30	0.790000	9
32	0.790000	10
41	0.790000	11
43	0.790000	12
44	0.790000	13
47	0.790000	14
49	0.790000	15
52	0.790000	16
65	0.790000	17
77	0.790000	18
86	0.790000	19
88	0.790000	20
89	0.790000	21
0	0.800000	1
1	0.800000	1
3	0.800000	1
5	0.800000	1
8	0.800000	1
9	0.800000	1
10	0.800000	1
11	0.800000	1
12	0.800000	1
13	0.800000	1
14	0.800000	1
15	0.800000	1
16	0.800000	1
17	0.800000	1
18	0.800000	1
19	0.800000	1
21	0.800000	1
22	0.800000	1
23	0.800000	1
24	0.800000	1
25	0.800000	1
26	0.800000	1
27	0.800000	1
28	0.800000	1
29	0.800000	1
31	0.800000	1
33	0.800000	1
34	0.800000	1
35	0.800000	1
36	0.800000	1
37	0.800000	1
39	0.800000	1
40	0.800000	1
45	0.800000	1
46	0.800000	1
48	0.800000	1
51	0.800000	1
53	0.800000	1
55	0.800000	1
56	0.800000	1
59	0.800000	1
60	0.800000	1
61	0.800000	1
62	0.800000	1
63	0.800000	1
64	0.800000	1
66	0.800000	1
67	0.800000	1
68	0.800000	1
69	0.800000	1
70	0.800000	1
71	0.800000	1
72	0.800000	1
73	0.800000	1
74	0.800000	1
75	0.800000	1
76	0.800000	1
78	0.800000	1
79	0.800000	1
80	0.800000	1
81	0.800000	1
82	0.800000	1
83	0.800000	1
84	0.800000	1
85	0.800000	1
38	0.800000	2
6	0.800000	2
50	0.800000	3
58	0.800000	3
57	0.800000	4
54	0.800000	4
2	0.800000	5
4	0.800000	6
7	0.800000	7
20	0.800000	8
30	0.800000	9
32	0.800000	10
41	0.800000	11
42	0.800000	12
43	0.800000	13
44	0.800000	14
47	0.800000	15
49	0.800000	16
52	0.800000	17
65	0.800000	18
77	0.800000	19
86	0.800000	20
87	0.800000	21
88	0.800000	22
89	0.800000	23
0	0.810000	1
6	0.810000	1
8	0.810000	1
9	0.810000	1
12	0.810000	1
14	0.810000	1
15	0.810000	1
17	0.810000	1
18	0.810000	1
19	0.810000	1
21	0.810000	1
22	0.810000	1
23	0.810000	1
24	0.810000	1
25	0.810000	1
27	0.810000	1
28	0.810000	1
29	0.810000	1
31	0.810000	1
33	0.810000	1
34	0.810000	1
35	0.810000	1
36	0.810000	1
37	0.810000	1
38	0.810000	1
39	0.810000	1
40	0.810000	1
45	0.810000	1
48	0.810000	1
50	0.810000	1
53	0.810000	1
54	0.810000	1
55	0.810000	1
56	0.810000	1
57	0.810000	1
58	0.810000	1
59	0.810000	1
60	0.810000	1
61	0.810000	1
62	0.810000	1
63	0.810000	1
64	0.810000	1
66	0.810000	1
67	0.810000	1
68	0.810000	1
69	0.810000	1
70	0.810000	1
71	0.810000	1
72	0.810000	1
73	0.810000	1
75	0.810000	1
78	0.810000	1
79	0.810000	1
81	0.810000	1
82	0.810000	1
83	0.810000	1
84	0.810000	1
85	0.810000	1
74	0.810000	2
5	0.810000	2
46	0.810000	2
1	0.810000	3
3	0.810000	3
80	0.810000	4
10	0.810000	4
11	0.810000	5
76	0.810000	5
26	0.810000	6
13	0.810000	6
16	0.810000	7
51	0.810000	7
2	0.810000	8
4	0.810000	9
7	0.810000	10
20	0.810000	11
30	0.810000	12
32	0.810000	13
41	0.810000	14
42	0.810000	15
43	0.810000	16
44	0.810000	17
47	0.810000	18
49	0.810000	19
52	0.810000	20
65	0.810000	21
77	0.810000	22
86	0.810000	23
87	0.810000	24
88	0.810000	25
89	0.810000	26
0	0.820000	1
1	0.820000	1
3	0.820000	1
5	0.820000	1
8	0.820000	1
9	0.820000	1
10	0.820000	1
11	0.820000	1
12	0.820000	1
13	0.820000	1
14	0.820000	1
15	0.820000	1
21	0.820000	1
22	0.820000	1
23	0.820000	1
24	0.820000	1
25	0.820000	1
26	0.820000	1
27	0.820000	1
28	0.820000	1
34	0.820000	1
36	0.820000	1
37	0.820000	1
38	0.820000	1
39	0.820000	1
40	0.820000	1
45	0.820000	1
46	0.820000	1
48	0.820000	1
51	0.820000	1
53	0.820000	1
54	0.820000	1
55	0.820000	1
57	0.820000	1
58	0.820000	1
59	0.820000	1
60	0.820000	1
61	0.820000	1
64	0.820000	1
66	0.820000	1
67	0.820000	1
68	0.820000	1
69	0.820000	1
70	0.820000	1
71	0.820000	1
72	0.820000	1
73	0.820000	1
78	0.820000	1
79	0.820000	1
81	0.820000	1
82	0.820000	1
83	0.820000	1
84	0.820000	1
85	0.820000	1
16	0.820000	2
6	0.820000	2
17	0.820000	3
50	0.820000	3
74	0.820000	4
29	0.820000	4
33	0.820000	5
62	0.820000	5
80	0.820000	6
35	0.820000	6
56	0.820000	7
63	0.820000	7
2	0.820000	8
4	0.820000	9
7	0.820000	10
18	0.820000	11
19	0.820000	12
20	0.820000	13
30	0.820000	14
31	0.820000	15
32	0.820000	16
41	0.820000	17
42	0.820000	18
43	0.820000	19
44	0.820000	20
47	0.820000	21
49	0.820000	22
52	0.820000	23
65	0.820000	24
75	0.820000	25
76	0.820000	26
77	0.820000	27
86	0.820000	28
87	0.820000	29
88	0.820000	30
89	0.820000	31
0	0.830000	1
3	0.830000	1
5	0.830000	1
6	0.830000	1
8	0.830000	1
9	0.830000	1
12	0.830000	1
14	0.830000	1
17	0.830000	1
21	0.830000	1
23	0.830000	1
24	0.830000	1
25	0.830000	1
27	0.830000	1
28	0.830000	1
29	0.830000	1
33	0.830000	1
34	0.830000	1
36	0.830000	1
37	0.830000	1
38	0.830000	1
39	0.830000	1
40	0.830000	1
51	0.830000	1
53	0.830000	1
54	0.830000	1
56	0.830000	1
57	0.830000	1
58	0.830000	1
59	0.830000	1
60	0.830000	1
61	0.830000	1
66	0.830000	1
67	0.830000	1
68	0.830000	1
69	0.830000	1
70	0.830000	1
71	0.830000	1
72	0.830000	1
73	0.830000	1
74	0.830000	1
80	0.830000	1
81	0.830000	1
82	0.830000	1
84	0.830000	1
85	0.830000	1
35	0.830000	2
13	0.830000	2
45	0.830000	2
16	0.830000	2
83	0.830000	2
22	0.830000	2
15	0.830000	2
1	0.830000	3
11	0.830000	3
10	0.830000	4
55	0.830000	4
78	0.830000	5
46	0.830000	5
48	0.830000	6
50	0.830000	6
62	0.830000	7
79	0.830000	7
2	0.830000	8
4	0.830000	9
7	0.830000	10
18	0.830000	11
19	0.830000	12
20	0.830000	13
26	0.830000	14
30	0.830000	15
31	0.830000	16
32	0.830000	17
41	0.830000	18
42	0.830000	19
43	0.830000	20
44	0.830000	21
47	0.830000	22
49	0.830000	23
52	0.830000	24
63	0.830000	25
64	0.830000	26
65	0.830000	27
75	0.830000	28
76	0.830000	29
77	0.830000	30
86	0.830000	31
87	0.830000	32
88	0.830000	33
89	0.830000	34
0	0.840000	1
5	0.840000	1
6	0.840000	1
8	0.840000	1
12	0.840000	1
13	0.840000	1
16	0.840000	1
17	0.840000	1
21	0.840000	1
23	0.840000	1
24	0.840000	1
27	0.840000	1
28	0.840000	1
35	0.840000	1
36	0.840000	1
37	0.840000	1
38	0.840000	1
39	0.840000	1
40	0.840000	1
45	0.840000	1
46	0.840000	1
48	0.840000	1
50	0.840000	1
53	0.840000	1
55	0.840000	1
61	0.840000	1
66	0.840000	1
67	0.840000	1
68	0.840000	1
69	0.840000	1
72	0.840000	1
78	0.840000	1
81	0.840000	1
84	0.840000	1
85	0.840000	1
34	0.840000	2
54	0.840000	2
73	0.840000	2
10	0.840000	2
79	0.840000	2
82	0.840000	2
22	0.840000	2
57	0.840000	2
25	0.840000	3
83	0.840000	3
33	0.840000	3
70	0.840000	3
59	0.840000	3
9	0.840000	4
58	0.840000	4
56	0.840000	5
11	0.840000	5
62	0.840000	6
14	0.840000	6
60	0.840000	7
15	0.840000	7
80	0.840000	8
51	0.840000	8
1	0.840000	9
2	0.840000	10
3	0.840000	11
4	0.840000	12
7	0.840000	13
18	0.840000	14
19	0.840000	15
20	0.840000	16
26	0.840000	17
29	0.840000	18
30	0.840000	19
31	0.840000	20
32	0.840000	21
41	0.840000	22
42	0.840000	23
43	0.840000	24
44	0.840000	25
47	0.840000	26
49	0.840000	27
52	0.840000	28
63	0.840000	29
64	0.840000	30
65	0.840000	31
71	0.840000	32
74	0.840000	33
75	0.840000	34
76	0.840000	35
77	0.840000	36
86	0.840000	37
87	0.840000	38
88	0.840000	39
89	0.840000	40
0	0.850000	1
5	0.850000	1
6	0.850000	1
10	0.850000	1
11	0.850000	1
13	0.850000	1
14	0.850000	1
21	0.850000	1
22	0.850000	1
23	0.850000	1
24	0.850000	1
25	0.850000	1
33	0.850000	1
36	0.850000	1
38	0.850000	1
40	0.850000	1
51	0.850000	1
54	0.850000	1
55	0.850000	1
60	0.850000	1
66	0.850000	1
67	0.850000	1
68	0.850000	1
69	0.850000	1
70	0.850000	1
73	0.850000	1
78	0.850000	1
79	0.850000	1
81	0.850000	1
82	0.850000	1
84	0.850000	1
85	0.850000	1
83	0.850000	2
28	0.850000	2
15	0.850000	2
39	0.850000	3
53	0.850000	3
37	0.850000	3
8	0.850000	4
45	0.850000	4
9	0.850000	5
61	0.850000	5
57	0.850000	6
12	0.850000	6
16	0.850000	7
35	0.850000	7
17	0.850000	8
58	0.850000	8
72	0.850000	9
27	0.850000	9
80	0.850000	10
34	0.850000	10
50	0.850000	11
62	0.850000	11
56	0.850000	12
59	0.850000	12
1	0.850000	13
2	0.850000	14
3	0.850000	15
4	0.850000	16
7	0.850000	17
18	0.850000	18
19	0.850000	19
20	0.850000	20
26	0.850000	21
29	0.850000	22
30	0.850000	23
31	0.850000	24
32	0.850000	25
41	0.850000	26
42	0.850000	27
43	0.850000	28
44	0.850000	29
46	0.850000	30
47	0.850000	31
48	0.850000	32
49	0.850000	33
52	0.850000	34
63	0.850000	35
64	0.850000	36
65	0.850000	37
71	0.850000	38
74	0.850000	39
75	0.850000	40
76	0.850000	41
77	0.850000	42
86	0.850000	43
87	0.850000	44
88	0.850000	45
89	0.850000	46
9	0.860000	1
11	0.860000	1
14	0.860000	1
21	0.860000	1
22	0.860000	1
23	0.860000	1
24	0.860000	1
25	0.860000	1
34	0.860000	1
38	0.860000	1
45	0.860000	1
57	0.860000	1
59	0.860000	1
60	0.860000	1
66	0.860000	1
68	0.860000	1
69	0.860000	1
70	0.860000	1
72	0.860000	1
78	0.860000	1
80	0.860000	1
84	0.860000	1
85	0.860000	1
81	0.860000	2
28	0.860000	2
13	0.860000	2
37	0.860000	2
40	0.860000	3
82	0.860000	3
67	0.860000	3
54	0.860000	3
0	0.860000	4
33	0.860000	4
36	0.860000	4
73	0.860000	5
83	0.860000	5
12	0.860000	5
5	0.860000	6
6	0.860000	6
8	0.860000	7
27	0.860000	7
62	0.860000	8
15	0.860000	8
16	0.860000	9
61	0.860000	9
56	0.860000	10
17	0.860000	10
35	0.860000	11
53	0.860000	11
58	0.860000	12
79	0.860000	12
1	0.860000	13
2	0.860000	14
3	0.860000	15
4	0.860000	16
7	0.860000	17
10	0.860000	18
18	0.860000	19
19	0.860000	20
20	0.860000	21
26	0.860000	22
29	0.860000	23
30	0.860000	24
31	0.860000	25
32	0.860000	26
39	0.860000	27
41	0.860000	28
42	0.860000	29
43	0.860000	30
44	0.860000	31
46	0.860000	32
47	0.860000	33
48	0.860000	34
49	0.860000	35
50	0.860000	36
51	0.860000	37
52	0.860000	38
55	0.860000	39
63	0.860000	40
64	0.860000	41
65	0.860000	42
71	0.860000	43
74	0.860000	44
75	0.860000	45
76	0.860000	46
77	0.860000	47
86	0.860000	48
87	0.860000	49
88	0.860000	50
89	0.860000	51
13	0.870000	1
17	0.870000	1
21	0.870000	1
22	0.870000	1
25	0.870000	1
27	0.870000	1
28	0.870000	1
33	0.870000	1
36	0.870000	1
38	0.870000	1
45	0.870000	1
54	0.870000	1
57	0.870000	1
66	0.870000	1
67	0.870000	1
68	0.870000	1
69	0.870000	1
70	0.870000	1
72	0.870000	1
73	0.870000	1
81	0.870000	1
82	0.870000	1
37	0.870000	2
14	0.870000	2
23	0.870000	2
24	0.870000	2
58	0.870000	2
5	0.870000	2
0	0.870000	3
12	0.870000	3
59	0.870000	4
6	0.870000	4
8	0.870000	5
53	0.870000	5
9	0.870000	6
62	0.870000	6
60	0.870000	7
15	0.870000	7
16	0.870000	8
85	0.870000	8
83	0.870000	9
35	0.870000	9
40	0.870000	10
80	0.870000	10
61	0.870000	11
78	0.870000	11
1	0.870000	12
2	0.870000	13
3	0.870000	14
4	0.870000	15
7	0.870000	16
10	0.870000	17
11	0.870000	18
18	0.870000	19
19	0.870000	20
20	0.870000	21
26	0.870000	22
29	0.870000	23
30	0.870000	24
31	0.870000	25
32	0.870000	26
34	0.870000	27
39	0.870000	28
41	0.870000	29
42	0.870000	30
43	0.870000	31
44	0.870000	32
46	0.870000	33
47	0.870000	34
48	0.870000	35
49	0.870000	36
50	0.870000	37
51	0.870000	38
52	0.870000	39
55	0.870000	40
56	0.870000	41
63	0.870000	42
64	0.870000	43
65	0.870000	44
71	0.870000	45
74	0.870000	46
75	0.870000	47
76	0.870000	48
77	0.870000	49
79	0.870000	50
84	0.870000	51
86	0.870000	52
87	0.870000	53
88	0.870000	54
89	0.870000	55
0	0.880000	1
66	0.880000	1
36	0.880000	1
38	0.880000	1
8	0.880000	1
15	0.880000	1
81	0.880000	1
82	0.880000	1
21	0.880000	1
22	0.880000	1
23	0.880000	1
24	0.880000	1
72	0.880000	1
73	0.880000	2
68	0.880000	2
54	0.880000	2
6	0.880000	2
17	0.880000	3
28	0.880000	3
57	0.880000	3
83	0.880000	4
69	0.880000	4
70	0.880000	4
33	0.880000	5
5	0.880000	5
9	0.880000	6
14	0.880000	6
12	0.880000	7
62	0.880000	7
58	0.880000	8
13	0.880000	8
16	0.880000	9
60	0.880000	9
25	0.880000	10
37	0.880000	10
27	0.880000	11
61	0.880000	11
67	0.880000	12
53	0.880000	12
59	0.880000	13
78	0.880000	13
1	0.880000	14
2	0.880000	15
3	0.880000	16
4	0.880000	17
7	0.880000	18
10	0.880000	19
11	0.880000	20
18	0.880000	21
19	0.880000	22
20	0.880000	23
26	0.880000	24
29	0.880000	25
30	0.880000	26
31	0.880000	27
32	0.880000	28
34	0.880000	29
35	0.880000	30
39	0.880000	31
40	0.880000	32
41	0.880000	33
42	0.880000	34
43	0.880000	35
44	0.880000	36
45	0.880000	37
46	0.880000	38
47	0.880000	39
48	0.880000	40
49	0.880000	41
50	0.880000	42
51	0.880000	43
52	0.880000	44
55	0.880000	45
56	0.880000	46
63	0.880000	47
64	0.880000	48
65	0.880000	49
71	0.880000	50
74	0.880000	51
75	0.880000	52
76	0.880000	53
77	0.880000	54
79	0.880000	55
80	0.880000	56
84	0.880000	57
85	0.880000	58
86	0.880000	59
87	0.880000	60
88	0.880000	61
89	0.880000	62
0	0.890000	1
66	0.890000	1
68	0.890000	1
69	0.890000	1
8	0.890000	1
73	0.890000	1
81	0.890000	1
82	0.890000	1
21	0.890000	1
23	0.890000	1
36	0.890000	1
28	0.890000	1
62	0.890000	1
24	0.890000	2
25	0.890000	2
67	0.890000	2
12	0.890000	3
78	0.890000	3
17	0.890000	4
13	0.890000	4
59	0.890000	5
14	0.890000	5
83	0.890000	6
15	0.890000	6
16	0.890000	7
38	0.890000	7
57	0.890000	8
22	0.890000	8
33	0.890000	9
53	0.890000	9
58	0.890000	10
61	0.890000	10
60	0.890000	11
70	0.890000	11
1	0.890000	12
2	0.890000	13
3	0.890000	14
4	0.890000	15
5	0.890000	16
6	0.890000	17
7	0.890000	18
9	0.890000	19
10	0.890000	20
11	0.890000	21
18	0.890000	22
19	0.890000	23
20	0.890000	24
26	0.890000	25
27	0.890000	26
29	0.890000	27
30	0.890000	28
31	0.890000	29
32	0.890000	30
34	0.890000	31
35	0.890000	32
37	0.890000	33
39	0.890000	34
40	0.890000	35
41	0.890000	36
42	0.890000	37
43	0.890000	38
44	0.890000	39
45	0.890000	40
46	0.890000	41
47	0.890000	42
48	0.890000	43
49	0.890000	44
50	0.890000	45
51	0.890000	46
52	0.890000	47
54	0.890000	48
55	0.890000	49
56	0.890000	50
63	0.890000	51
64	0.890000	52
65	0.890000	53
71	0.890000	54
72	0.890000	55
74	0.890000	56
75	0.890000	57
76	0.890000	58
77	0.890000	59
79	0.890000	60
80	0.890000	61
84	0.890000	62
85	0.890000	63
86	0.890000	64
87	0.890000	65
88	0.890000	66
89	0.890000	67
67	0.900000	1
58	0.900000	1
83	0.900000	1
21	0.900000	1
23	0.900000	1
25	0.900000	2
66	0.900000	2
62	0.900000	2
33	0.900000	2
24	0.900000	3
57	0.900000	3
60	0.900000	3
59	0.900000	4
68	0.900000	4
78	0.900000	4
12	0.900000	5
22	0.900000	5
17	0.900000	6
13	0.900000	6
14	0.900000	7
15	0.900000	7
16	0.900000	8
61	0.900000	8
36	0.900000	9
69	0.900000	9
81	0.900000	10
38	0.900000	10
0	0.900000	11
1	0.900000	12
2	0.900000	13
3	0.900000	14
4	0.900000	15
5	0.900000	16
6	0.900000	17
7	0.900000	18
8	0.900000	19
9	0.900000	20
10	0.900000	21
11	0.900000	22
18	0.900000	23
19	0.900000	24
20	0.900000	25
26	0.900000	26
27	0.900000	27
28	0.900000	28
29	0.900000	29
30	0.900000	30
31	0.900000	31
32	0.900000	32
34	0.900000	33
35	0.900000	34
37	0.900000	35
39	0.900000	36
40	0.900000	37
41	0.900000	38
42	0.900000	39
43	0.900000	40
44	0.900000	41
45	0.900000	42
46	0.900000	43
47	0.900000	44
48	0.900000	45
49	0.900000	46
50	0.900000	47
51	0.900000	48
52	0.900000	49
53	0.900000	50
54	0.900000	51
55	0.900000	52
56	0.900000	53
63	0.900000	54
64	0.900000	55
65	0.900000	56
70	0.900000	57
71	0.900000	58
72	0.900000	59
73	0.900000	60
74	0.900000	61
75	0.900000	62
76	0.900000	63
77	0.900000	64
79	0.900000	65
80	0.900000	66
82	0.900000	67
84	0.900000	68
85	0.900000	69
86	0.900000	70
87	0.900000	71
88	0.900000	72
89	0.900000	73
24	0.910000	1
17	0.910000	1
66	0.910000	1
67	0.910000	1
68	0.910000	1
36	0.910000	2
21	0.910000	2
78	0.910000	2
57	0.910000	3
81	0.910000	3
23	0.910000	3
12	0.910000	4
15	0.910000	4
58	0.910000	5
13	0.910000	5
16	0.910000	6
69	0.910000	6
61	0.910000	7
22	0.910000	7
25	0.910000	8
62	0.910000	8
33	0.910000	9
60	0.910000	9
0	0.910000	10
1	0.910000	11
2	0.910000	12
3	0.910000	13
4	0.910000	14
5	0.910000	15
6	0.910000	16
7	0.910000	17
8	0.910000	18
9	0.910000	19
10	0.910000	20
11	0.910000	21
14	0.910000	22
18	0.910000	23
19	0.910000	24
20	0.910000	25
26	0.910000	26
27	0.910000	27
28	0.910000	28
29	0.910000	29
30	0.910000	30
31	0.910000	31
32	0.910000	32
34	0.910000	33
35	0.910000	34
37	0.910000	35
38	0.910000	36
39	0.910000	37
40	0.910000	38
41	0.910000	39
42	0.910000	40
43	0.910000	41
44	0.910000	42
45	0.910000	43
46	0.910000	44
47	0.910000	45
48	0.910000	46
49	0.910000	47
50	0.910000	48
51	0.910000	49
52	0.910000	50
53	0.910000	51
54	0.910000	52
55	0.910000	53
56	0.910000	54
59	0.910000	55
63	0.910000	56
64	0.910000	57
65	0.910000	58
70	0.910000	59
71	0.910000	60
72	0.910000	61
73	0.910000	62
74	0.910000	63
75	0.910000	64
76	0.910000	65
77	0.910000	66
79	0.910000	67
80	0.910000	68
82	0.910000	69
83	0.910000	70
84	0.910000	71
85	0.910000	72
86	0.910000	73
87	0.910000	74
88	0.910000	75
89	0.910000	76
68	0.920000	1
66	0.920000	1
60	0.920000	1
78	0.920000	1
58	0.920000	2
13	0.920000	2
23	0.920000	3
15	0.920000	3
16	0.920000	4
33	0.920000	4
67	0.920000	5
21	0.920000	5
61	0.920000	6
22	0.920000	6
0	0.920000	7
1	0.920000	8
2	0.920000	9
3	0.920000	10
4	0.920000	11
5	0.920000	12
6	0.920000	13
7	0.920000	14
8	0.920000	15
9	0.920000	16
10	0.920000	17
11	0.920000	18
12	0.920000	19
14	0.920000	20
17	0.920000	21
18	0.920000	22
19	0.920000	23
20	0.920000	24
24	0.920000	25
25	0.920000	26
26	0.920000	27
27	0.920000	28
28	0.920000	29
29	0.920000	30
30	0.920000	31
31	0.920000	32
32	0.920000	33
34	0.920000	34
35	0.920000	35
36	0.920000	36
37	0.920000	37
38	0.920000	38
39	0.920000	39
40	0.920000	40
41	0.920000	41
42	0.920000	42
43	0.920000	43
44	0.920000	44
45	0.920000	45
46	0.920000	46
47	0.920000	47
48	0.920000	48
49	0.920000	49
50	0.920000	50
51	0.920000	51
52	0.920000	52
53	0.920000	53
54	0.920000	54
55	0.920000	55
56	0.920000	56
57	0.920000	57
59	0.920000	58
62	0.920000	59
63	0.920000	60
64	0.920000	61
65	0.920000	62
69	0.920000	63
70	0.920000	64
71	0.920000	65
72	0.920000	66
73	0.920000	67
74	0.920000	68
75	0.920000	69
76	0.920000	70
77	0.920000	71
79	0.920000	72
80	0.920000	73
81	0.920000	74
82	0.920000	75
83	0.920000	76
84	0.920000	77
85	0.920000	78
86	0.920000	79
87	0.920000	80
88	0.920000	81
89	0.920000	82
66	0.930000	1
68	0.930000	1
58	0.930000	1
13	0.930000	1
16	0.930000	2
21	0.930000	2
67	0.930000	3
22	0.930000	3
61	0.930000	4
23	0.930000	4
33	0.930000	5
78	0.930000	5
0	0.930000	6
1	0.930000	7
2	0.930000	8
3	0.930000	9
4	0.930000	10
5	0.930000	11
6	0.930000	12
7	0.930000	13
8	0.930000	14
9	0.930000	15
10	0.930000	16
11	0.930000	17
12	0.930000	18
14	0.930000	19
15	0.930000	20
17	0.930000	21
18	0.930000	22
19	0.930000	23
20	0.930000	24
24	0.930000	25
25	0.930000	26
26	0.930000	27
27	0.930000	28
28	0.930000	29
29	0.930000	30
30	0.930000	31
31	0.930000	32
32	0.930000	33
34	0.930000	34
35	0.930000	35
36	0.930000	36
37	0.930000	37
38	0.930000	38
39	0.930000	39
40	0.930000	40
41	0.930000	41
42	0.930000	42
43	0.930000	43
44	0.930000	44
45	0.930000	45
46	0.930000	46
47	0.930000	47
48	0.930000	48
49	0.930000	49
50	0.930000	50
51	0.930000	51
52	0.930000	52
53	0.930000	53
54	0.930000	54
55	0.930000	55
56	0.930000	56
57	0.930000	57
59	0.930000	58
60	0.930000	59
62	0.930000	60
63	0.930000	61
64	0.930000	62
65	0.930000	63
69	0.930000	64
70	0.930000	65
71	0.930000	66
72	0.930000	67
73	0.930000	68
74	0.930000	69
75	0.930000	70
76	0.930000	71
77	0.930000	72
79	0.930000	73
80	0.930000	74
81	0.930000	75
82	0.930000	76
83	0.930000	77
84	0.930000	78
85	0.930000	79
86	0.930000	80
87	0.930000	81
88	0.930000	82
89	0.930000	83
16	0.940000	1
61	0.940000	1
66	0.940000	2
21	0.940000	2
0	0.940000	3
1	0.940000	4
2	0.940000	5
3	0.940000	6
4	0.940000	7
5	0.940000	8
6	0.940000	9
7	0.940000	10
8	0.940000	11
9	0.940000	12
10	0.940000	13
11	0.940000	14
12	0.940000	15
13	0.940000	16
14	0.940000	17
15	0.940000	18
17	0.940000	19
18	0.940000	20
19	0.940000	21
20	0.940000	22
22	0.940000	23
23	0.940000	24
24	0.940000	25
25	0.940000	26
26	0.940000	27
27	0.940000	28
28	0.940000	29
29	0.940000	30
30	0.940000	31
31	0.940000	32
32	0.940000	33
33	0.940000	34
34	0.940000	35
35	0.940000	36
36	0.940000	37
37	0.940000	38
38	0.940000	39
39	0.940000	40
40	0.940000	41
41	0.940000	42
42	0.940000	43
43	0.940000	44
44	0.940000	45
45	0.940000	46
46	0.940000	47
47	0.940000	48
48	0.940000	49
49	0.940000	50
50	0.940000	51
51	0.940000	52
52	0.940000	53
53	0.940000	54
54	0.940000	55
55	0.940000	56
56	0.940000	57
57	0.940000	58
58	0.940000	59
59	0.940000	60
60	0.940000	61
62	0.940000	62
63	0.940000	63
64	0.940000	64
65	0.940000	65
67	0.940000	66
68	0.940000	67
69	0.940000	68
70	0.940000	69
71	0.940000	70
72	0.940000	71
73	0.940000	72
74	0.940000	73
75	0.940000	74
76	0.940000	75
77	0.940000	76
78	0.940000	77
79	0.940000	78
80	0.940000	79
81	0.940000	80
82	0.940000	81
83	0.940000	82
84	0.940000	83
85	0.940000	84
86	0.940000	85
87	0.940000	86
88	0.940000	87
89	0.940000	88
0	0.950000	1
1	0.950000	2
2	0.950000	3
3	0.950000	4
4	0.950000	5
5	0.950000	6
6	0.950000	7
7	0.950000	8
8	0.950000	9
9	0.950000	10
10	0.950000	11
11	0.950000	12
12	0.950000	13
13	0.950000	14
14	0.950000	15
15	0.950000	16
16	0.950000	17
17	0.950000	18
18	0.950000	19
19	0.950000	20
20	0.950000	21
21	0.950000	22
22	0.950000	23
23	0.950000	24
24	0.950000	25
25	0.950000	26
26	0.950000	27
27	0.950000	28
28	0.950000	29
29	0.950000	30
30	0.950000	31
31	0.950000	32
32	0.950000	33
33	0.950000	34
34	0.950000	35
35	0.950000	36
36	0.950000	37
37	0.950000	38
38	0.950000	39
39	0.950000	40
40	0.950000	41
41	0.950000	42
42	0.950000	43
43	0.950000	44
44	0.950000	45
45	0.950000	46
46	0.950000	47
47	0.950000	48
48	0.950000	49
49	0.950000	50
50	0.950000	51
51	0.950000	52
52	0.950000	53
53	0.950000	54
54	0.950000	55
55	0.950000	56
56	0.950000	57
57	0.950000	58
58	0.950000	59
59	0.950000	60
60	0.950000	61
61	0.950000	62
62	0.950000	63
63	0.950000	64
64	0.950000	65
65	0.950000	66
66	0.950000	67
67	0.950000	68
68	0.950000	69
69	0.950000	70
70	0.950000	71
71	0.950000	72
72	0.950000	73
73	0.950000	74
74	0.950000	75
75	0.950000	76
76	0.950000	77
77	0.950000	78
78	0.950000	79
79	0.950000	80
80	0.950000	81
81	0.950000	82
82	0.950000	83
83	0.950000	84
84	0.950000	85
85	0.950000	86
86	0.950000	87
87	0.950000	88
88	0.950000	89
89	0.950000	90
0	0.960000	1
1	0.960000	2
2	0.960000	3
3	0.960000	4
4	0.960000	5
5	0.960000	6
6	0.960000	7
7	0.960000	8
8	0.960000	9
9	0.960000	10
10	0.960000	11
11	0.960000	12
12	0.960000	13
13	0.960000	14
14	0.960000	15
15	0.960000	16
16	0.960000	17
17	0.960000	18
18	0.960000	19
19	0.960000	20
20	0.960000	21
21	0.960000	22
22	0.960000	23
23	0.960000	24
24	0.960000	25
25	0.960000	26
26	0.960000	27
27	0.960000	28
28	0.960000	29
29	0.960000	30
30	0.960000	31
31	0.960000	32
32	0.960000	33
33	0.960000	34
34	0.960000	35
35	0.960000	36
36	0.960000	37
37	0.960000	38
38	0.960000	39
39	0.960000	40
40	0.960000	41
41	0.960000	42
42	0.960000	43
43	0.960000	44
44	0.960000	45
45	0.960000	46
46	0.960000	47
47	0.960000	48
48	0.960000	49
49	0.960000	50
50	0.960000	51
51	0.960000	52
52	0.960000	53
53	0.960000	54
54	0.960000	55
55	0.960000	56
56	0.960000	57
57	0.960000	58
58	0.960000	59
59	0.960000	60
60	0.960000	61
61	0.960000	62
62	0.960000	63
63	0.960000	64
64	0.960000	65
65	0.960000	66
66	0.960000	67
67	0.960000	68
68	0.960000	69
69	0.960000	70
70	0.960000	71
71	0.960000	72
72	0.960000	73
73	0.960000	74
74	0.960000	75
75	0.960000	76
76	0.960000	77
77	0.960000	78
78	0.960000	79
79	0.960000	80
80	0.960000	81
81	0.960000	82
82	0.960000	83
83	0.960000	84
84	0.960000	85
85	0.960000	86
86	0.960000	87
87	0.960000	88
88	0.960000	89
89	0.960000	90
0	0.970000	1
1	0.970000	2
2	0.970000	3
3	0.970000	4
4	0.970000	5
5	0.970000	6
6	0.970000	7
7	0.970000	8
8	0.970000	9
9	0.970000	10
10	0.970000	11
11	0.970000	12
12	0.970000	13
13	0.970000	14
14	0.970000	15
15	0.970000	16
16	0.970000	17
17	0.970000	18
18	0.970000	19
19	0.970000	20
20	0.970000	21
21	0.970000	22
22	0.970000	23
23	0.970000	24
24	0.970000	25
25	0.970000	26
26	0.970000	27
27	0.970000	28
28	0.970000	29
29	0.970000	30
30	0.970000	31
31	0.970000	32
32	0.970000	33
33	0.970000	34
34	0.970000	35
35	0.970000	36
36	0.970000	37
37	0.970000	38
38	0.970000	39
39	0.970000	40
40	0.970000	41
41	0.970000	42
42	0.970000	43
43	0.970000	44
44	0.970000	45
45	0.970000	46
46	0.970000	47
47	0.970000	48
48	0.970000	49
49	0.970000	50
50	0.970000	51
51	0.970000	52
52	0.970000	53
53	0.970000	54
54	0.970000	55
55	0.970000	56
56	0.970000	57
57	0.970000	58
58	0.970000	59
59	0.970000	60
60	0.970000	61
61	0.970000	62
62	0.970000	63
63	0.970000	64
64	0.970000	65
65	0.970000	66
66	0.970000	67
67	0.970000	68
68	0.970000	69
69	0.970000	70
70	0.970000	71
71	0.970000	72
72	0.970000	73
73	0.970000	74
74	0.970000	75
75	0.970000	76
76	0.970000	77
77	0.970000	78
78	0.970000	79
79	0.970000	80
80	0.970000	81
81	0.970000	82
82	0.970000	83
83	0.970000	84
84	0.970000	85
85	0.970000	86
86	0.970000	87
87	0.970000	88
88	0.970000	89
89	0.970000	90
0	0.980000	1
1	0.980000	2
2	0.980000	3
3	0.980000	4
4	0.980000	5
5	0.980000	6
6	0.980000	7
7	0.980000	8
8	0.980000	9
9	0.980000	10
10	0.980000	11
11	0.980000	12
12	0.980000	13
13	0.980000	14
14	0.980000	15
15	0.980000	16
16	0.980000	17
17	0.980000	18
18	0.980000	19
19	0.980000	20
20	0.980000	21
21	0.980000	22
22	0.980000	23
23	0.980000	24
24	0.980000	25
25	0.980000	26
26	0.980000	27
27	0.980000	28
28	0.980000	29
29	0.980000	30
30	0.980000	31
31	0.980000	32
32	0.980000	33
33	0.980000	34
34	0.980000	35
35	0.980000	36
36	0.980000	37
37	0.980000	38
38	0.980000	39
39	0.980000	40
40	0.980000	41
41	0.980000	42
42	0.980000	43
43	0.980000	44
44	0.980000	45
45	0.980000	46
46	0.980000	47
47	0.980000	48
48	0.980000	49
49	0.980000	50
50	0.980000	51
51	0.980000	52
52	0.980000	53
53	0.980000	54
54	0.980000	55
55	0.980000	56
56	0.980000	57
57	0.980000	58
58	0.980000	59
59	0.980000	60
60	0.980000	61
61	0.980000	62
62	0.980000	63
63	0.980000	64
64	0.980000	65
65	0.980000	66
66	0.980000	67
67	0.980000	68
68	0.980000	69
69	0.980000	70
70	0.980000	71
71	0.980000	72
72	0.980000	73
73	0.980000	74
74	0.980000	75
75	0.980000	76
76	0.980000	77
77	0.980000	78
78	0.980000	79
79	0.980000	80
80	0.980000	81
81	0.980000	82
82	0.980000	83
83	0.980000	84
84	0.980000	85
85	0.980000	86
86	0.980000	87
87	0.980000	88
88	0.980000	89
89	0.980000	90
0	0.990000	1
1	0.990000	2
2	0.990000	3
3	0.990000	4
4	0.990000	5
5	0.990000	6
6	0.990000	7
7	0.990000	8
8	0.990000	9
9	0.990000	10
10	0.990000	11
11	0.990000	12
12	0.990000	13
13	0.990000	14
14	0.990000	15
15	0.990000	16
16	0.990000	17
17	0.990000	18
18	0.990000	19
19	0.990000	20
20	0.990000	21
21	0.990000	22
22	0.990000	23
23	0.990000	24
24	0.990000	25
25	0.990000	26
26	0.990000	27
27	0.990000	28
28	0.990000	29
29	0.990000	30
30	0.990000	31
31	0.990000	32
32	0.990000	33
33	0.990000	34
34	0.990000	35
35	0.990000	36
36	0.990000	37
37	0.990000	38
38	0.990000	39
39	0.990000	40
40	0.990000	41
41	0.990000	42
42	0.990000	43
43	0.990000	44
44	0.990000	45
45	0.990000	46
46	0.990000	47
47	0.990000	48
48	0.990000	49
49	0.990000	50
50	0.990000	51
51	0.990000	52
52	0.990000	53
53	0.990000	54
54	0.990000	55
55	0.990000	56
56	0.990000	57
57	0.990000	58
58	0.990000	59
59	0.990000	60
60	0.990000	61
61	0.990000	62
62	0.990000	63
63	0.990000	64
64	0.990000	65
65	0.990000	66
66	0.990000	67
67	0.990000	68
68	0.990000	69
69	0.990000	70
70	0.990000	71
71	0.990000	72
72	0.990000	73
73	0.990000	74
74	0.990000	75
75	0.990000	76
76	0.990000	77
77	0.990000	78
78	0.990000	79
79	0.990000	80
80	0.990000	81
81	0.990000	82
82	0.990000	83
83	0.990000	84
84	0.990000	85
85	0.990000	86
86	0.990000	87
87	0.990000	88
88	0.990000	89
89	0.990000	90
0	1.000000	1
1	1.000000	2
2	1.000000	3
3	1.000000	4
4	1.000000	5
5	1.000000	6
6	1.000000	7
7	1.000000	8
8	1.000000	9
9	1.000000	10
10	1.000000	11
11	1.000000	12
12	1.000000	13
13	1.000000	14
14	1.000000	15
15	1.000000	16
16	1.000000	17
17	1.000000	18
18	1.000000	19
19	1.000000	20
20	1.000000	21
21	1.000000	22
22	1.000000	23
23	1.000000	24
24	1.000000	25
25	1.000000	26
26	1.000000	27
27	1.000000	28
28	1.000000	29
29	1.000000	30
30	1.000000	31
31	1.000000	32
32	1.000000	33
33	1.000000	34
34	1.000000	35
35	1.000000	36
36	1.000000	37
37	1.000000	38
38	1.000000	39
39	1.000000	40
40	1.000000	41
41	1.000000	42
42	1.000000	43
43	1.000000	44
44	1.000000	45
45	1.000000	46
46	1.000000	47
47	1.000000	48
48	1.000000	49
49	1.000000	50
50	1.000000	51
51	1.000000	52
52	1.000000	53
53	1.000000	54
54	1.000000	55
55	1.000000	56
56	1.000000	57
57	1.000000	58
58	1.000000	59
59	1.000000	60
60	1.000000	61
61	1.000000	62
62	1.000000	63
63	1.000000	64
64	1.000000	65
65	1.000000	66
66	1.000000	67
67	1.000000	68
68	1.000000	69
69	1.000000	70
70	1.000000	71
71	1.000000	72
72	1.000000	73
73	1.000000	74
74	1.000000	75
75	1.000000	76
76	1.000000	77
77	1.000000	78
78	1.000000	79
79	1.000000	80
80	1.000000	81
81	1.000000	82
82	1.000000	83
83	1.000000	84
84	1.000000	85
85	1.000000	86
86	1.000000	87
87	1.000000	88
88	1.000000	89
89	1.000000	90
