0.000000	0.988483	0.986417	1.011486	1.013483	0.988478	0.986413	1.004073	1.004072
0.010000	0.989304	0.991812	1.010737	1.008240	0.989296	0.991805	0.995007	0.995006
0.020000	0.990073	0.989509	1.009988	1.010487	0.990065	0.989504	1.001065	1.001062
0.030000	0.987776	0.989085	1.012235	1.010986	0.987769	0.989076	0.997444	0.997446
0.040000	0.986256	0.985846	1.013733	1.014232	0.986249	0.985833	1.000909	1.000915
0.050000	0.991087	0.990544	1.008989	1.009488	0.991079	0.990538	1.001043	1.001042
0.060000	0.989552	0.991753	1.010487	1.008240	0.989545	0.991750	0.995562	0.995558
0.070000	0.984279	0.983740	1.015730	1.016230	0.984272	0.983734	1.001040	1.001039
0.080000	0.988802	0.990545	1.011236	1.009488	0.988798	0.990538	0.996516	0.996518
0.090000	0.985982	0.986607	1.014482	1.013483	0.985954	0.986595	0.998383	0.998366
0.100000	0.986074	0.984015	1.014232	1.015980	0.986051	0.984006	1.003820	1.003804
0.110000	0.981399	0.980717	1.018976	1.019226	0.981377	0.980708	1.000940	1.000926
0.120000	0.983859	0.986815	1.016479	1.013233	0.983844	0.986806	0.993821	0.993815
0.130000	0.985073	0.983256	1.015231	1.016729	0.985060	0.983251	1.003327	1.003318
0.140000	0.978551	0.978620	1.022222	1.021473	0.978497	0.978606	0.999197	0.999156
0.150000	0.982826	0.979423	1.017478	1.020474	0.982811	0.979417	1.006429	1.006421
0.160000	0.982235	0.979556	1.018477	1.020474	0.982200	0.979548	1.004702	1.004673
0.170000	0.980943	0.976731	1.019975	1.023221	0.980892	0.976723	1.007508	1.007464
0.180000	0.976267	0.975825	1.025718	1.024220	0.976119	0.975812	0.998991	0.998853
0.190000	0.971610	0.964629	1.030212	1.035206	0.971506	0.964619	1.012119	1.012022
0.200000	0.966837	0.963047	1.035955	1.036954	0.966691	0.963035	1.004903	1.004764
0.210000	0.963669	0.956035	1.039451	1.043695	0.963538	0.956021	1.012102	1.011979
0.220000	0.962566	0.955632	1.040699	1.044444	0.962437	0.955599	1.010881	1.010780
0.230000	0.960892	0.963085	1.041948	1.036704	0.960815	0.963077	0.992702	0.992631
0.240000	0.958331	0.948633	1.044944	1.051186	0.958175	0.948615	1.016258	1.016112
0.250000	0.942077	0.937810	1.065169	1.062422	0.941972	0.937779	1.001960	1.001882
0.260000	0.947665	0.943136	1.058177	1.056679	0.947612	0.943108	1.003379	1.003352
0.270000	0.935327	0.924393	1.076654	1.075406	0.934429	0.924355	1.010656	1.009725
0.280000	0.933884	0.921185	1.079401	1.079401	0.933028	0.921109	1.013785	1.012940
0.290000	0.923070	0.905070	1.090387	1.094881	0.922407	0.905018	1.024092	1.023415
0.300000	0.913626	0.902962	1.100375	1.097129	0.913489	0.902909	1.008825	1.008733
0.310000	0.916674	0.901189	1.099126	1.098377	0.915717	0.901148	1.016490	1.015475
0.320000	0.906689	0.883950	1.114107	1.116854	0.905246	0.883882	1.028252	1.026695
0.330000	0.889805	0.878459	1.129838	1.121598	0.889442	0.878443	1.005530	1.005138
0.340000	0.881008	0.846059	1.151061	1.153308	0.880808	0.845975	1.043341	1.043208
0.350000	0.874093	0.834435	1.160050	1.166042	0.871777	0.834328	1.052938	1.050283
0.360000	0.856942	0.817070	1.177029	1.182272	0.855778	0.816988	1.053471	1.052146
0.370000	0.842821	0.806201	1.196754	1.192759	0.841846	0.806186	1.041933	1.040748
0.380000	0.826122	0.777938	1.226966	1.221973	0.821741	0.777874	1.057617	1.052093
0.390000	0.817706	0.765459	1.241199	1.236454	0.811951	0.765422	1.064172	1.056734
0.400000	0.801250	0.746263	1.258177	1.253683	0.796475	0.746130	1.069848	1.063663
0.410000	0.768300	0.708443	1.298127	1.291635	0.764420	0.708421	1.079067	1.073652
0.420000	0.748400	0.671967	1.326092	1.327840	0.746991	0.671778	1.115212	1.113426
0.430000	0.725320	0.649161	1.356305	1.349313	0.721731	0.648753	1.111561	1.106755
0.440000	0.715003	0.616886	1.382272	1.383521	0.706783	0.616793	1.160098	1.146934
0.450000	0.693877	0.595627	1.407740	1.403246	0.687616	0.595952	1.161232	1.150128
0.460000	0.655336	0.545539	1.457678	1.452185	0.654903	0.545044	1.196736	1.197032
0.470000	0.653680	0.532946	1.468664	1.466667	0.642116	0.533793	1.224873	1.201294
0.480000	0.618044	0.482929	1.506367	1.516105	0.604810	0.483217	1.288056	1.259723
0.490000	0.592930	0.434968	1.554806	1.563795	0.582790	0.435346	1.371036	1.346421
0.500000	0.571474	0.407168	1.571536	1.585518	0.553964	0.405961	1.416020	1.376716
0.510000	0.527780	0.361790	1.611236	1.630212	0.521854	0.362411	1.475980	1.456912
0.520000	0.490227	0.369508	1.630712	1.628714	0.493974	0.369854	1.325075	1.333958
0.530000	0.476853	0.326276	1.673908	1.670412	0.476499	0.327030	1.458450	1.454011
0.540000	0.417343	0.313336	1.710861	1.688390	0.421744	0.312971	1.314440	1.329848
0.550000	0.407180	0.286630	1.736829	1.713608	0.414207	0.284148	1.401584	1.438224
0.560000	0.397693	0.255947	1.773783	1.745568	0.388809	0.253391	1.529093	1.510012
0.570000	0.343198	0.239966	1.792010	1.765293	0.338090	0.238560	1.408872	1.396081
0.580000	0.367193	0.226012	1.838202	1.781273	0.351977	0.226702	1.574349	1.504511
0.590000	0.332855	0.204150	1.863920	1.816479	0.326283	0.204047	1.588942	1.558356
0.600000	0.265242	0.165369	1.959301	1.918102	0.264039	0.165155	1.570217	1.565121
0.610000	0.252835	0.156129	2.035206	1.987516	0.246227	0.153867	1.581451	1.562761
0.620000	0.211894	0.144726	2.025026	1.942072	0.221675	0.149965	1.404124	1.417629
0.630000	0.178578	0.117318	2.151561	2.073159	0.177048	0.116166	1.466699	1.468555
0.640000	0.194757	0.125612	2.138454	2.084644	0.203034	0.124816	1.511451	1.585735
0.650000	0.186058	0.131565	2.199949	2.072160	0.176563	0.133298	1.332041	1.247628
0.660000	0.162025	0.106989	2.255107	2.231211	0.161680	0.107087	1.498369	1.493798
0.670000	0.148347	0.097383	2.381512	2.377278	0.143680	0.106160	1.520632	1.351021
0.680000	0.111727	0.096344	2.363375	2.336579	0.150159	0.101392	1.146519	1.464188
0.690000	0.122212	0.066718	2.420958	2.560549	0.153178	0.071506	1.937384	2.265691
0.700000	0.107050	0.074687	2.592738	2.620974	0.129032	0.075515	1.448922	1.727308
0.710000	0.101376	0.082996	2.705042	2.709114	0.124101	0.083387	1.223286	1.490487
0.720000	0.100818	0.062646	2.802926	2.815980	0.112824	0.062410	1.616842	1.816192
0.730000	0.109824	0.049901	2.827596	2.954557	0.130076	0.044309	2.299632	3.067442
0.740000	0.092099	0.045582	2.712658	3.186670	0.115896	0.065972	2.373586	2.063716
0.750000	0.071270	0.059189	2.858378	3.456180	0.119584	0.050847	1.455945	2.843679
0.760000	0.073445	0.020688	3.044757	3.982635	0.121247	0.026549	4.643700	5.973742
0.770000	0.074738	0.010212	3.089088	2.581513	0.120301	0.025070	6.116345	4.010184
0.780000	0.069001	0.012169	3.067760	3.033133	0.133224	0.032847	5.606087	4.010140
0.790000	0.080698	0.018889	3.005650	3.867305	0.126476	0.028846	5.496984	5.641424
0.800000	0.057107	0.011111	3.017532	5.490741	0.125475	0.015385	9.352121	14.840568
0.810000	0.055046	0.018148	3.257620	2.293265	0.093750	0.034286	2.135262	1.924917
0.820000	0.047169	0.000000	2.044403	1.857259	0.131965	0.000000	0.000000	0.000000
0.830000	0.019788	0.000000	4.080481	1.647326	0.044444	0.000000	0.000000	0.000000
0.840000	0.034153	0.000000	3.722705	1.939521	0.082873	0.000000	0.000000	0.000000
0.850000	0.024074	0.000000	1.703453	1.634102	0.045455	0.000000	0.000000	0.000000
0.860000	0.013704	0.000000	1.991667	1.153846	0.069767	0.000000	0.000000	0.000000
0.870000	0.016720	0.000000	1.892402	1.680072	0.111111	0.000000	0.000000	0.000000
0.880000	0.030370	0.000000	2.401010	1.205782	0.122449	0.000000	0.000000	0.000000
0.890000	0.024074	0.000000	3.028139	1.451515	0.083333	0.000000	0.000000	0.000000
0.900000	0.011111	0.000000	1.507879	1.100000	0.166667	0.000000	0.000000	0.000000
0.910000	0.000000	0.000000	2.217949	1.102564	0.000000	0.000000	0.000000	0.000000
0.920000	0.000000	0.000000	1.533333	1.047619	0.000000	0.000000	0.000000	0.000000
0.930000	0.000000	0.000000	1.666667	1.000000	0.000000	0.000000	0.000000	0.000000
0.940000	0.000000	0.000000	0.	0.	0.000000	0.000000	0.000000	0.000000
0.950000	0.000000	0.000000	0.	0.	0.000000	0.000000	0.000000	0.000000
0.960000	0.000000	0.000000	0.	0.	0.000000	0.000000	0.000000	0.000000
0.970000	0.000000	0.000000	0.	0.	0.000000	0.000000	0.000000	0.000000
0.980000	0.000000	0.000000	0.	0.	0.000000	0.000000	0.000000	0.000000
0.990000	0.000000	0.000000	0.	0.	0.000000	0.000000	0.000000	0.000000
1.000000	0.000000	0.000000	0.	0.	0.000000	0.000000	0.000000	0.000000
