0.000000	0.987842	0.987231	1.012235	1.012734	0.987833	0.987226	1.001112	1.001108
0.010000	0.716282	0.670102	1.327341	1.329838	0.714642	0.670041	1.070926	1.068571
0.020000	0.673499	0.615038	1.372784	1.382272	0.672110	0.614696	1.102621	1.100959
0.030000	0.653884	0.590846	1.404994	1.405993	0.649984	0.590652	1.107478	1.101235
0.040000	0.598466	0.533380	1.470162	1.466667	0.595858	0.532960	1.119358	1.115358
0.050000	0.542165	0.473366	1.527591	1.526342	0.539866	0.472750	1.144404	1.141037
0.060000	0.540174	0.463689	1.542072	1.533833	0.536125	0.463440	1.158725	1.150655
0.070000	0.499158	0.426516	1.575780	1.573283	0.498680	0.426419	1.168461	1.167607
0.080000	0.483733	0.424603	1.594257	1.573533	0.481386	0.424147	1.124450	1.120199
0.090000	0.442179	0.358091	1.638452	1.637953	0.439865	0.358152	1.234446	1.227776
0.100000	0.455928	0.368141	1.635705	1.632210	0.448788	0.367709	1.235812	1.217888
0.110000	0.431361	0.375505	1.631211	1.618477	0.436604	0.377041	1.139781	1.148936
0.120000	0.416281	0.339893	1.667416	1.663920	0.409352	0.339107	1.222172	1.204616
0.130000	0.400305	0.328042	1.681648	1.675406	0.395760	0.325611	1.215756	1.210927
0.140000	0.407280	0.328432	1.680150	1.674657	0.392912	0.329161	1.236020	1.189774
0.150000	0.368702	0.314129	1.704869	1.692884	0.364236	0.313387	1.165477	1.154086
0.160000	0.371741	0.287746	1.713608	1.706866	0.356931	0.287587	1.286825	1.236241
0.170000	0.361870	0.277005	1.724345	1.722347	0.350550	0.276200	1.304856	1.267717
0.180000	0.350591	0.287106	1.714856	1.714107	0.343445	0.286034	1.220584	1.200190
0.190000	0.335491	0.269718	1.736829	1.727091	0.340568	0.269250	1.236885	1.257787
0.200000	0.350876	0.287632	1.718352	1.713858	0.346534	0.286237	1.216685	1.207487
0.210000	0.342427	0.278835	1.736080	1.721598	0.333611	0.278608	1.217817	1.187431
0.220000	0.342977	0.255500	1.745568	1.749813	0.335643	0.252401	1.345640	1.333034
0.230000	0.352676	0.259735	1.742322	1.736330	0.340465	0.260661	1.353161	1.301669
0.240000	0.327140	0.246064	1.768539	1.756055	0.318472	0.245697	1.320106	1.287049
0.250000	0.307983	0.254190	1.760300	1.750062	0.303642	0.252622	1.204577	1.194972
0.260000	0.314831	0.246642	1.777029	1.752060	0.312221	0.246946	1.258535	1.246563
0.270000	0.308365	0.236651	1.781024	1.766292	0.311701	0.238488	1.292261	1.296178
0.280000	0.316534	0.240933	1.780275	1.754307	0.304236	0.241245	1.294619	1.242712
0.290000	0.294642	0.214730	1.791261	1.783521	0.295939	0.213480	1.366219	1.380271
0.300000	0.284245	0.228773	1.801998	1.791261	0.280602	0.226983	1.235076	1.228857
0.310000	0.288600	0.220444	1.825968	1.782022	0.293556	0.220804	1.277667	1.297492
0.320000	0.299211	0.235690	1.809238	1.778777	0.305170	0.233760	1.248136	1.283504
0.330000	0.301364	0.222523	1.818477	1.793758	0.298950	0.222003	1.335898	1.328302
0.340000	0.285279	0.219803	1.816139	1.790012	0.281918	0.220578	1.279217	1.259700
0.350000	0.275934	0.206204	1.848439	1.805493	0.279689	0.206463	1.307069	1.323192
0.360000	0.267401	0.215042	1.822222	1.797503	0.271858	0.212398	1.226616	1.262588
0.370000	0.257837	0.208699	1.847441	1.813233	0.257327	0.208020	1.212575	1.214128
0.380000	0.300501	0.222200	1.814732	1.783271	0.283967	0.218489	1.328943	1.277157
0.390000	0.296431	0.216482	1.855181	1.799501	0.294886	0.212705	1.328212	1.344748
0.400000	0.277816	0.198060	1.846692	1.820974	0.271846	0.197489	1.383153	1.357343
0.410000	0.281527	0.206083	1.852934	1.806492	0.275158	0.205517	1.331851	1.305298
0.420000	0.291751	0.217749	1.837453	1.807241	0.279318	0.217168	1.317819	1.265036
0.430000	0.276259	0.198672	1.843196	1.811236	0.280691	0.202068	1.366415	1.365003
0.440000	0.275142	0.218175	1.850687	1.795006	0.261241	0.217120	1.223165	1.167010
0.450000	0.262842	0.190216	1.865424	1.845943	0.261552	0.191936	1.367374	1.348471
0.460000	0.265506	0.208453	1.854682	1.809738	0.249331	0.206240	1.242834	1.179639
0.470000	0.257282	0.202836	1.861849	1.838702	0.245789	0.198602	1.252655	1.222208
0.480000	0.228977	0.189983	1.885342	1.846442	0.235392	0.191790	1.180384	1.202019
0.490000	0.240683	0.178175	1.902622	1.852934	0.241008	0.178381	1.315548	1.315799
0.500000	0.225051	0.185699	1.924844	1.845943	0.233798	0.185802	1.162238	1.206742
0.510000	0.234715	0.170502	1.960300	1.881398	0.232355	0.169078	1.321208	1.318937
0.520000	0.248614	0.188624	1.914964	1.875156	0.241440	0.189253	1.290643	1.249230
0.530000	0.240287	0.175960	1.912609	1.863171	0.235831	0.178405	1.330280	1.287716
0.540000	0.234777	0.186086	1.922846	1.853184	0.237988	0.188710	1.215954	1.215445
0.550000	0.218465	0.174511	1.943054	1.891386	0.223783	0.174178	1.218580	1.250628
0.560000	0.225590	0.177561	1.924413	1.870911	0.231634	0.176251	1.235172	1.277695
0.570000	0.239443	0.193259	1.909346	1.853184	0.237740	0.191463	1.202534	1.205178
0.580000	0.236278	0.163509	1.965781	1.932834	0.226886	0.163205	1.420823	1.366893
0.590000	0.204326	0.161762	1.963228	1.898377	0.210785	0.165538	1.221399	1.231269
0.600000	0.199511	0.142098	1.975967	1.973783	0.207670	0.143431	1.402485	1.446277
0.610000	0.205550	0.150322	2.013483	1.937079	0.210708	0.152405	1.315511	1.330088
0.620000	0.229561	0.134175	2.003575	2.001248	0.226069	0.134705	1.708921	1.676307
0.630000	0.222568	0.153712	1.991760	1.956055	0.219167	0.150074	1.421991	1.434218
0.640000	0.231372	0.143438	2.015577	1.978777	0.216610	0.142670	1.583588	1.490537
0.650000	0.212752	0.157766	2.006991	1.959301	0.197054	0.152198	1.316484	1.263953
0.660000	0.189219	0.133059	2.027952	2.018727	0.198974	0.131755	1.415603	1.503309
0.670000	0.187884	0.137122	2.031461	1.973783	0.195404	0.138992	1.331286	1.365951
0.680000	0.178922	0.143841	2.043412	2.025468	0.188936	0.140273	1.232966	1.335081
0.690000	0.166276	0.142371	2.098570	2.059925	0.172138	0.138545	1.146396	1.219590
0.700000	0.199986	0.139319	2.071411	2.048939	0.187899	0.135676	1.419879	1.369887
0.710000	0.182948	0.146311	2.058777	1.966542	0.197097	0.146858	1.194379	1.281959
0.720000	0.183480	0.146892	2.083504	1.998252	0.189305	0.145337	1.197971	1.249224
0.730000	0.171607	0.108519	2.160549	2.128839	0.176251	0.112195	1.558147	1.547873
0.740000	0.151954	0.133468	2.151810	2.035955	0.156692	0.129380	1.077206	1.145892
0.750000	0.142378	0.122976	2.179775	2.185518	0.149973	0.119227	1.160826	1.261189
0.760000	0.175852	0.114945	2.099530	2.096879	0.181263	0.113240	1.527954	1.598678
0.770000	0.150858	0.124608	2.220889	2.187516	0.147560	0.118798	1.192471	1.223440
0.780000	0.142479	0.122923	2.213994	2.130087	0.158392	0.123602	1.115163	1.232901
0.790000	0.129778	0.121528	2.302622	2.239700	0.142091	0.120525	1.038701	1.146716
0.800000	0.158436	0.090762	2.246170	2.224220	0.153814	0.089394	1.728568	1.703821
0.810000	0.128243	0.112808	2.307457	2.311111	0.130928	0.110327	1.138632	1.188614
0.820000	0.141169	0.105416	2.230954	2.228464	0.144205	0.108512	1.337666	1.327450
0.830000	0.151432	0.097524	2.283960	2.268165	0.169849	0.099567	1.542019	1.694077
0.840000	0.134268	0.092022	2.328254	2.265668	0.147666	0.097473	1.419871	1.474224
0.850000	0.128960	0.096261	2.300560	2.299625	0.139607	0.091393	1.339148	1.526924
0.860000	0.130234	0.083318	2.386594	2.404744	0.148079	0.082774	1.574990	1.802556
0.870000	0.112572	0.107230	2.350258	2.371785	0.118956	0.107258	1.059435	1.119220
0.880000	0.104274	0.064933	2.430252	2.450437	0.120968	0.064531	1.619210	1.890141
0.890000	0.106574	0.049684	2.542756	2.640449	0.106928	0.064209	2.227437	1.729281
0.900000	0.109890	0.074724	2.635652	2.734423	0.099159	0.070295	1.525726	1.463474
0.910000	0.081608	0.060062	2.689979	2.775531	0.118634	0.063649	1.401960	1.923148
0.920000	0.062685	0.042637	2.840823	3.186520	0.077540	0.052764	1.649124	1.648400
0.930000	0.036524	0.026975	3.067327	3.609997	0.053846	0.027422	1.593504	2.310987
0.940000	0.026614	0.014815	3.633954	4.671712	0.048518	0.011858	2.309439	5.260105
0.950000	0.016296	0.000000	2.788295	1.929615	0.040541	0.000000	0.000000	0.000000
0.960000	0.022434	0.000000	2.367347	1.986580	0.086538	0.000000	0.000000	0.000000
0.970000	0.009259	0.000000	1.865385	1.111111	0.130435	0.000000	0.000000	0.000000
0.980000	0.000000	0.000000	1.166667	1.000000	0.000000	0.000000	0.000000	0.000000
0.990000	0.000000	0.000000	0.	0.	0.000000	0.000000	0.000000	0.000000
