0.250000	0.967193	0.953236	1.039700	1.046692	0.966069	0.953203	1.021464	1.020313
0.260000	0.962300	0.956029	1.046192	1.043945	0.960919	0.956001	1.004398	1.002985
0.270000	0.958399	0.952310	1.051935	1.047940	0.956745	0.952278	1.002573	1.000875
0.280000	0.952206	0.936789	1.060424	1.063171	0.950177	0.936777	1.019090	1.016932
0.290000	0.947577	0.932255	1.067665	1.067665	0.945027	0.932228	1.016435	1.013729
0.300000	0.940449	0.927261	1.077154	1.072409	0.937442	0.927252	1.009756	1.006537
0.310000	0.934372	0.911629	1.085893	1.088639	0.931015	0.911586	1.027539	1.023896
0.320000	0.928404	0.906386	1.094881	1.093383	0.924295	0.906293	1.022891	1.018468
0.330000	0.919677	0.893339	1.107116	1.106866	0.914531	0.893271	1.029250	1.023569
0.340000	0.911873	0.886673	1.119600	1.113358	0.905972	0.886638	1.022687	1.016109
0.350000	0.898750	0.854639	1.138577	1.145318	0.892020	0.854621	1.057840	1.049942
0.360000	0.886675	0.849180	1.156554	1.151061	0.878156	0.849045	1.039195	1.029375
0.370000	0.872461	0.825985	1.177778	1.175531	0.862336	0.825796	1.054252	1.042256
0.380000	0.858209	0.794785	1.198752	1.205493	0.845499	0.794663	1.085873	1.069955
0.390000	0.840522	0.794740	1.220474	1.206492	0.827432	0.794593	1.045490	1.029399
0.400000	0.820810	0.756943	1.247690	1.242946	0.805764	0.756866	1.080251	1.060558
0.410000	0.801689	0.742311	1.276654	1.256929	0.784567	0.742311	1.063305	1.040596
0.420000	0.783501	0.686665	1.302871	1.311610	0.763199	0.686551	1.148677	1.119100
0.430000	0.757828	0.663268	1.339076	1.337079	0.734424	0.663189	1.140861	1.105761
0.440000	0.740212	0.630968	1.365293	1.371036	0.716157	0.630393	1.178071	1.140827
0.450000	0.718460	0.603219	1.394007	1.396005	0.692418	0.603381	1.192751	1.149208
0.460000	0.695341	0.576585	1.427466	1.423471	0.665238	0.576537	1.202589	1.150622
0.470000	0.668915	0.528825	1.463171	1.468914	0.639301	0.528385	1.269873	1.214665
0.480000	0.642863	0.494852	1.495381	1.502871	0.615623	0.494163	1.305610	1.252030
0.490000	0.608569	0.459157	1.533333	1.542821	0.576603	0.459775	1.333606	1.261859
0.500000	0.591703	0.428262	1.562297	1.566542	0.554125	0.427843	1.385392	1.298676
0.510000	0.554804	0.401078	1.596504	1.600000	0.513718	0.401575	1.386313	1.282059
0.520000	0.518039	0.378894	1.630712	1.617228	0.491419	0.379071	1.355936	1.285658
0.530000	0.490142	0.349939	1.661174	1.646941	0.458275	0.349589	1.388651	1.299667
0.540000	0.445844	0.292445	1.690637	1.705618	0.414867	0.293449	1.538050	1.426287
0.550000	0.418605	0.285337	1.729338	1.712360	0.399467	0.284799	1.452649	1.388856
0.560000	0.392654	0.274642	1.756305	1.728589	0.376171	0.273629	1.407134	1.353056
0.570000	0.363627	0.237615	1.777278	1.757553	0.332150	0.240124	1.513336	1.367891
0.580000	0.343660	0.223344	1.818477	1.774032	0.323137	0.224020	1.501099	1.407195
0.590000	0.316565	0.220729	1.847940	1.811985	0.294909	0.219825	1.406276	1.315460
0.600000	0.274809	0.179650	1.899625	1.856929	0.257679	0.177426	1.495315	1.419671
0.610000	0.251539	0.189944	1.955805	1.906117	0.230633	0.185338	1.290635	1.212777
0.620000	0.215230	0.152920	1.997753	1.963046	0.214199	0.152721	1.383021	1.378189
0.630000	0.208494	0.129323	2.061174	2.014732	0.198389	0.133038	1.575868	1.457627
0.640000	0.171783	0.129472	2.134831	2.100125	0.188058	0.124813	1.305223	1.482231
0.650000	0.177519	0.134286	2.176280	2.154557	0.160408	0.136061	1.308751	1.167174
0.660000	0.146114	0.112450	2.255431	2.248190	0.144102	0.110410	1.295198	1.300962
0.670000	0.131854	0.106235	2.370537	2.279900	0.148438	0.102492	1.193691	1.392905
0.680000	0.108524	0.088974	2.456929	2.358052	0.115747	0.090020	1.170634	1.234048
0.690000	0.115928	0.086729	2.508098	2.457179	0.113728	0.086741	1.309532	1.284507
0.700000	0.099758	0.064021	2.573668	2.582272	0.134425	0.066415	1.563416	2.030789
0.710000	0.123076	0.051263	2.708725	2.614482	0.101208	0.052781	2.317367	1.850804
0.720000	0.139121	0.078014	2.800940	2.741074	0.133991	0.074278	1.745158	1.765356
0.730000	0.113014	0.064194	2.935311	2.914607	0.116773	0.062176	1.748105	1.864849
0.740000	0.087254	0.049143	2.016638	3.263566	0.103365	0.054092	2.873340	3.092504
0.750000	0.076354	0.004444	2.080556	3.672414	0.125243	0.006211	30.323843	35.591858
0.760000	0.075014	0.045556	1.638559	4.170543	0.160906	0.033994	4.191120	12.047470
0.770000	0.065983	0.040926	1.603423	1.961211	0.128571	0.033860	1.972013	4.644436
0.780000	0.090657	0.018148	1.575466	5.027086	0.136594	0.023715	15.939626	18.378368
0.790000	0.038392	0.025556	1.657809	4.146341	0.095427	0.042980	3.757374	5.553132
0.800000	0.032108	0.007407	1.620673	2.306784	0.064171	0.027907	6.169541	3.272942
0.810000	0.019392	0.000000	1.420793	3.452395	0.064982	0.000000	0.000000	0.000000
0.820000	0.007725	0.016667	1.448138	3.440190	0.047120	0.017143	1.101069	6.529777
0.830000	0.000000	0.000000	1.755477	1.590476	0.000000	0.000000	0.000000	0.000000
0.840000	0.000000	0.033333	1.811082	2.076636	0.000000	0.057692	0.000000	0.000000
0.850000	0.006667	0.000000	1.316644	1.557143	0.047619	0.000000	0.000000	0.000000
0.860000	0.006667	0.000000	1.400143	1.319336	0.061224	0.000000	0.000000	0.000000
0.870000	0.000000	0.000000	1.443369	1.203704	0.000000	0.000000	0.000000	0.000000
0.880000	0.000000	0.000000	1.271203	1.315018	0.000000	0.000000	0.000000	0.000000
0.890000	0.000000	0.000000	1.247086	1.252551	0.000000	0.000000	0.000000	0.000000
0.900000	0.000000	0.024074	1.196667	1.187500	0.000000	0.272727	0.000000	0.000000
0.910000	0.000000	0.000000	1.185185	1.076923	0.000000	0.000000	0.000000	0.000000
0.920000	0.000000	0.000000	1.111111	1.041667	0.000000	0.000000	0.000000	0.000000
0.930000	0.000000	0.000000	1.133333	1.000000	0.000000	0.000000	0.000000	0.000000
0.940000	0.000000	0.000000	1.000000	1.000000	0.000000	0.000000	0.000000	0.000000
0.950000	0.000000	0.000000	0.	0.	0.000000	0.000000	0.000000	0.000000
0.960000	0.000000	0.000000	0.	0.	0.000000	0.000000	0.000000	0.000000
0.970000	0.000000	0.000000	0.	0.	0.000000	0.000000	0.000000	0.000000
0.980000	0.000000	0.000000	0.	0.	0.000000	0.000000	0.000000	0.000000
0.990000	0.000000	0.000000	0.	0.	0.000000	0.000000	0.000000	0.000000
1.000000	0.000000	0.000000	0.	0.	0.000000	0.000000	0.000000	0.000000
