0.250000	0.980150
0.260000	0.976904
0.270000	0.974032
0.280000	0.969788
0.290000	0.966167
0.300000	0.961423
0.310000	0.957054
0.320000	0.952559
0.330000	0.946442
0.340000	0.940200
0.350000	0.930712
0.360000	0.921723
0.370000	0.911111
0.380000	0.900624
0.390000	0.889763
0.400000	0.876155
0.410000	0.861673
0.420000	0.848564
0.430000	0.830462
0.440000	0.817353
0.450000	0.802996
0.460000	0.786267
0.470000	0.768414
0.480000	0.752393
0.490000	0.733500
0.500000	0.719184
0.510000	0.701914
0.520000	0.685976
0.530000	0.671078
0.540000	0.657428
0.550000	0.641906
0.560000	0.630087
0.570000	0.618851
0.580000	0.605077
0.590000	0.593841
0.600000	0.578485
0.610000	0.562942
0.620000	0.551477
0.630000	0.536683
0.640000	0.520079
0.650000	0.510695
0.660000	0.493903
0.670000	0.473479
0.680000	0.458901
0.690000	0.430861
0.700000	0.418739
0.710000	0.401981
0.720000	0.389218
0.730000	0.364845
0.740000	0.331552
0.750000	0.297660
0.760000	0.252210
0.770000	0.241234
0.780000	0.214164
0.790000	0.191533
0.800000	0.175284
0.810000	0.137927
0.820000	0.109869
0.830000	0.071401
0.840000	0.046719
0.850000	0.042268
0.860000	0.026841
0.870000	0.022548
0.880000	0.012656
0.890000	0.010916
0.900000	0.005535
0.910000	0.004349
0.920000	0.002330
0.930000	0.002081
0.940000	0.000499
0.950000	0.000000
0.960000	0.000000
0.970000	0.000000
0.980000	0.000000
0.990000	0.000000
1.000000	0.000000
