0.000000	1.000000	1.000000	1.000000	1.000000	1.000000	1.000000	1.000000	1.000000
0.010000	1.000000	1.000000	1.000000	1.000000	1.000000	1.000000	1.000000	1.000000
0.020000	1.000000	1.000000	1.000000	1.000000	1.000000	1.000000	1.000000	1.000000
0.030000	0.999750	1.000000	1.000250	1.000000	0.999750	1.000000	0.999501	0.999501
0.040000	0.999750	1.000000	1.000250	1.000000	0.999750	1.000000	0.999501	0.999501
0.050000	0.999506	0.998749	1.000499	1.001248	0.999506	0.998748	1.001508	1.001508
0.060000	0.999506	1.000000	1.000499	1.000000	0.999506	1.000000	0.999007	0.999007
0.070000	0.999262	0.998749	1.000749	1.001248	0.999261	0.998748	1.001013	1.001013
0.080000	0.999024	0.999000	1.000999	1.000999	0.999022	0.998999	1.000024	1.000023
0.090000	0.998088	0.998001	1.001998	1.001998	0.998083	0.998000	1.000087	1.000083
0.100000	0.997632	0.997755	1.002497	1.002247	0.997622	0.997754	0.999627	0.999619
0.110000	0.996435	0.996492	1.003745	1.003496	0.996418	0.996491	0.999693	0.999678
0.120000	0.995511	0.995495	1.004744	1.004494	0.995486	0.995494	0.999767	0.999744
0.130000	0.994377	0.994792	1.005993	1.005243	0.994341	0.994787	0.998839	0.998807
0.140000	0.993196	0.993495	1.007241	1.006492	0.993147	0.993492	0.998956	0.998909
0.150000	0.992726	0.990005	1.007740	1.009988	0.992673	0.990001	1.004984	1.004935
0.160000	0.991410	0.990029	1.009238	1.009988	0.991340	0.990024	1.002138	1.002072
0.170000	0.990112	0.989715	1.010737	1.010237	0.990011	0.989712	0.999907	0.999808
0.180000	0.986954	0.982238	1.014482	1.017728	0.986762	0.982229	1.008016	1.007829
0.190000	0.984869	0.981854	1.016979	1.018227	0.984606	0.981841	1.004302	1.004047
0.200000	0.982396	0.978262	1.019975	1.021723	0.982020	0.978253	1.005947	1.005571
0.210000	0.979999	0.974757	1.022971	1.025218	0.979532	0.974746	1.007586	1.007118
0.220000	0.978175	0.974890	1.025218	1.024969	0.977659	0.974883	1.003125	1.002603
0.230000	0.974723	0.973603	1.029463	1.026467	0.974044	0.973590	0.998237	0.997554
0.240000	0.972350	0.970525	1.032709	1.029463	0.971536	0.970513	0.998731	0.997907
0.250000	0.967041	0.958749	1.039700	1.041448	0.965931	0.958719	1.010345	1.009216
0.260000	0.962149	0.956956	1.046192	1.042946	0.960780	0.956943	1.002307	1.000894
0.270000	0.958220	0.945996	1.051935	1.053683	0.956519	0.945981	1.014604	1.012819
0.280000	0.952122	0.937517	1.060424	1.062422	0.949947	0.937489	1.017491	1.015198
0.290000	0.947402	0.928128	1.067665	1.071660	0.944813	0.928119	1.024587	1.021797
0.300000	0.940575	0.928378	1.077154	1.071411	0.937571	0.928336	1.007737	1.004563
0.310000	0.934532	0.918847	1.085893	1.081648	0.931156	0.918766	1.013095	1.009524
0.320000	0.928720	0.909216	1.094881	1.091136	0.924624	0.909157	1.017957	1.013533
0.330000	0.919412	0.884709	1.107116	1.115605	0.914658	0.884632	1.047194	1.041870
0.340000	0.912335	0.890929	1.119600	1.108864	0.906404	0.890901	1.014206	1.007644
0.350000	0.898634	0.861069	1.138577	1.138577	0.891244	0.860994	1.043627	1.035133
0.360000	0.886983	0.836586	1.156554	1.162797	0.878039	0.836470	1.065964	1.055361
0.370000	0.872229	0.821776	1.177778	1.177778	0.862336	0.821696	1.061395	1.049459
0.380000	0.858018	0.806464	1.198752	1.194257	0.844343	0.806306	1.059937	1.043248
0.390000	0.840469	0.774157	1.220474	1.228464	0.827419	0.773938	1.092765	1.076101
0.400000	0.821381	0.746517	1.247690	1.253683	0.805331	0.746336	1.105569	1.084229
0.410000	0.802912	0.715871	1.276654	1.285893	0.784552	0.715628	1.129703	1.104245
0.420000	0.783137	0.695561	1.302871	1.304370	0.761190	0.695565	1.127202	1.095606
0.430000	0.758627	0.676988	1.339076	1.325094	0.735193	0.676757	1.108890	1.075003
0.440000	0.739433	0.636859	1.365293	1.363795	0.714502	0.636695	1.159788	1.120974
0.450000	0.719511	0.608422	1.394007	1.391511	0.693233	0.608654	1.180468	1.136921
0.460000	0.694354	0.565843	1.427466	1.430212	0.669565	0.565759	1.229475	1.185756
0.470000	0.669794	0.545691	1.463171	1.455181	0.639862	0.545144	1.220721	1.167339
0.480000	0.643747	0.507219	1.495131	1.496380	0.611287	0.506662	1.270228	1.207506
0.490000	0.612038	0.463084	1.533333	1.540824	0.575982	0.463136	1.328111	1.249733
0.500000	0.588330	0.435042	1.562297	1.561049	0.551263	0.434873	1.351272	1.266627
0.510000	0.552957	0.401839	1.597253	1.596255	0.515257	0.400677	1.375205	1.285160
0.520000	0.515917	0.365261	1.627216	1.632459	0.482969	0.364973	1.417012	1.327562
0.530000	0.491440	0.355784	1.658926	1.643695	0.451768	0.355913	1.368605	1.257668
0.540000	0.455272	0.306237	1.687640	1.686891	0.414651	0.306210	1.486007	1.353541
0.550000	0.434014	0.282990	1.723845	1.716105	0.394533	0.283425	1.526784	1.385771
0.560000	0.407530	0.271078	1.747316	1.731086	0.377552	0.270668	1.489403	1.381934
0.570000	0.361330	0.246031	1.782522	1.763546	0.333333	0.245718	1.453001	1.342126
0.580000	0.338018	0.240568	1.817478	1.784020	0.311980	0.237957	1.379218	1.286941
0.590000	0.323283	0.207660	1.855680	1.814482	0.304300	0.204950	1.522227	1.451789
0.600000	0.277743	0.167486	1.900624	1.891136	0.262775	0.168193	1.650026	1.554542
0.610000	0.246592	0.181669	1.948564	1.872909	0.230381	0.177872	1.304667	1.244915
0.620000	0.213753	0.157626	1.996754	1.931086	0.201171	0.151627	1.311479	1.283119
0.630000	0.217496	0.144913	2.064669	1.996255	0.202050	0.146935	1.451143	1.329527
0.640000	0.193988	0.130543	2.125094	2.053933	0.180465	0.131105	1.436247	1.330392
0.650000	0.165335	0.112931	2.178277	2.120100	0.169753	0.113173	1.424931	1.459879
0.660000	0.140024	0.103893	1.603840	2.213983	0.137726	0.101425	1.860484	1.874496
0.670000	0.129014	0.119665	1.650470	2.279900	0.125781	0.114008	1.489277	1.524009
0.680000	0.143117	0.083864	1.455723	2.394757	0.138331	0.081081	2.807372	2.806619
0.690000	0.120069	0.095811	1.718194	2.453933	0.119249	0.091018	1.789796	1.871193
0.700000	0.113701	0.069012	1.751984	2.634207	0.112452	0.065646	2.477186	2.575611
0.710000	0.110098	0.072858	1.626117	2.617978	0.111782	0.062278	2.432845	2.889723
0.720000	0.077703	0.069864	1.768945	2.837453	0.107889	0.085834	1.784009	2.016188
0.730000	0.113414	0.056420	1.347996	2.922097	0.131635	0.062772	4.357530	4.545774
0.740000	0.110659	0.069242	1.368166	3.054432	0.115385	0.060381	3.567884	4.266154
0.750000	0.161848	0.020203	1.327407	3.580672	0.200971	0.039773	21.610031	13.630384
0.760000	0.298531	0.009630	1.385832	4.009959	0.629321	0.014458	89.703605	125.949999
0.770000	0.254778	0.060626	1.285234	3.822216	0.647143	0.049180	12.497859	39.132875
0.780000	0.268454	0.009630	1.230890	2.519304	0.622260	0.017857	57.058588	71.321603
0.790000	0.260246	0.023333	1.190147	2.278720	0.673956	0.018405	21.354923	70.111394
0.800000	0.206014	0.009259	1.139944	3.404305	0.609626	0.020270	66.445507	89.814945
0.810000	0.204691	0.000000	1.119955	2.138960	0.509025	0.000000	0.000000	0.000000
0.820000	0.144286	0.104815	1.076881	1.961102	0.471204	0.155172	2.506876	5.530022
0.830000	0.128148	0.000000	1.094579	2.084785	0.416667	0.000000	0.000000	0.000000
0.840000	0.145556	0.027037	1.099471	1.437746	0.445946	0.090909	7.039926	6.414655
0.850000	0.070741	0.000000	1.147778	1.389103	0.333333	0.000000	0.000000	0.000000
0.860000	0.028148	0.000000	1.123977	2.235419	0.183673	0.000000	0.000000	0.000000
0.870000	0.009259	0.000000	1.130719	1.574892	0.083333	0.000000	0.000000	0.000000
0.880000	0.044444	0.000000	1.129167	1.266667	0.600000	0.000000	0.000000	0.000000
0.890000	0.044444	0.000000	1.095238	1.247619	0.750000	0.000000	0.000000	0.000000
0.900000	0.037037	0.000000	1.041667	1.277778	0.666667	0.000000	0.000000	0.000000
0.910000	0.000000	0.000000	1.066667	1.111111	0.000000	0.000000	0.000000	0.000000
0.920000	0.000000	0.000000	1.111111	1.041667	0.000000	0.000000	0.000000	0.000000
0.930000	0.000000	0.000000	1.133333	1.142857	0.000000	0.000000	0.000000	0.000000
0.940000	0.000000	0.000000	1.000000	1.111111	0.000000	0.000000	0.000000	0.000000
0.950000	0.000000	0.000000	0.	0.	0.000000	0.000000	0.000000	0.000000
0.960000	0.000000	0.000000	0.	0.	0.000000	0.000000	0.000000	0.000000
0.970000	0.000000	0.000000	0.	0.	0.000000	0.000000	0.000000	0.000000
0.980000	0.000000	0.000000	0.	0.	0.000000	0.000000	0.000000	0.000000
0.990000	0.000000	0.000000	0.	0.	0.000000	0.000000	0.000000	0.000000
1.000000	0.000000	0.000000	0.	0.	0.000000	0.000000	0.000000	0.000000
