0.000000	1.000000	1.000000	1.000000	1.000000	1.000000	1.000000	1.000000	1.000000
0.010000	1.000000	1.000000	1.000000	1.000000	1.000000	1.000000	1.000000	1.000000
0.020000	1.000000	1.000000	1.000000	1.000000	1.000000	1.000000	1.000000	1.000000
0.030000	0.999750	0.999250	1.000250	1.000749	0.999750	0.999250	1.001000	1.001000
0.040000	0.999750	1.000000	1.000250	1.000000	0.999750	1.000000	0.999501	0.999501
0.050000	0.999500	0.999500	1.000499	1.000499	0.999500	0.999500	1.000000	1.000000
0.060000	0.999500	0.999750	1.000499	1.000250	0.999500	0.999750	0.999500	0.999500
0.070000	0.999250	0.999250	1.000749	1.000749	0.999250	0.999250	1.000000	1.000000
0.080000	0.999000	0.999250	1.000999	1.000749	0.998999	0.999250	0.999500	0.999500
0.090000	0.998013	0.996752	1.001998	1.003246	0.998012	0.996750	1.002513	1.002513
0.100000	0.997503	0.998749	1.002497	1.001248	0.997502	0.998748	0.997509	0.997508
0.110000	0.996251	0.997023	1.003745	1.002996	0.996249	0.997020	0.998480	0.998481
0.120000	0.995258	0.994239	1.004744	1.005743	0.995256	0.994237	1.002021	1.002021
0.130000	0.994019	0.994524	1.005993	1.005493	0.994015	0.994521	0.998996	0.998996
0.140000	0.992712	0.995508	1.007241	1.004494	0.992710	0.995505	0.994473	0.994474
0.150000	0.992257	0.991489	1.007740	1.008489	0.992254	0.991486	1.001519	1.001518
0.160000	0.990852	0.991981	1.009238	1.007990	0.990843	0.991979	0.997626	0.997620
0.170000	0.989205	0.989489	1.010737	1.010487	0.989203	0.989484	0.999466	0.999469
0.180000	0.985485	0.985011	1.014482	1.014981	0.985481	0.985004	1.000974	1.000976
0.190000	0.982974	0.979902	1.016979	1.019975	0.982967	0.979898	1.006091	1.006087
0.200000	0.979902	0.980434	1.019975	1.019476	0.979895	0.980427	0.998968	0.998969
0.210000	0.977125	0.975952	1.022971	1.023970	0.977111	0.975942	1.002179	1.002175
0.220000	0.974862	0.973257	1.025218	1.026717	0.974846	0.973243	1.003113	1.003111
0.230000	0.970564	0.972865	1.029463	1.027216	0.970546	0.972848	0.995457	0.995457
0.240000	0.967246	0.960981	1.032709	1.038951	0.967233	0.960966	1.012604	1.012605
0.250000	0.960278	0.961017	1.039700	1.038951	0.960268	0.960989	0.998510	0.998531
0.260000	0.953635	0.955836	1.046192	1.044195	0.953614	0.955813	0.995792	0.995794
0.270000	0.948148	0.951546	1.051935	1.048439	0.948123	0.951525	0.993117	0.993113
0.280000	0.939669	0.941982	1.060424	1.058177	0.939640	0.941947	0.995431	0.995437
0.290000	0.931981	0.935545	1.067665	1.064669	0.931968	0.935517	0.993395	0.993411
0.300000	0.922614	0.924606	1.077154	1.075156	0.922595	0.924568	0.995996	0.996015
0.310000	0.913790	0.914749	1.085893	1.085643	0.913768	0.914693	0.998722	0.998760
0.320000	0.905476	0.910527	1.094881	1.089888	0.905433	0.910454	0.989917	0.989949
0.330000	0.892716	0.897228	1.107116	1.102372	0.892649	0.897166	0.990708	0.990702
0.340000	0.879863	0.883790	1.119600	1.116105	0.879792	0.883753	0.992449	0.992409
0.350000	0.862066	0.864429	1.138577	1.135830	0.861931	0.864317	0.994860	0.994834
0.360000	0.843703	0.842618	1.156554	1.157054	0.843561	0.842514	1.001719	1.001674
0.370000	0.822034	0.834649	1.177778	1.165543	0.822016	0.834544	0.974654	0.974755
0.380000	0.801005	0.815819	1.198752	1.184519	0.800904	0.815556	0.970184	0.970376
0.390000	0.779206	0.789125	1.220474	1.211735	0.779094	0.788918	0.980360	0.980476
0.400000	0.751026	0.744439	1.247690	1.254432	0.750836	0.744385	1.014299	1.014116
0.410000	0.725135	0.728097	1.276654	1.272409	0.724992	0.728082	0.992620	0.992445
0.420000	0.695524	0.701459	1.302871	1.298127	0.695328	0.701468	0.987928	0.987638
0.430000	0.662543	0.661052	1.339076	1.341323	0.662336	0.660771	1.003937	1.004052
0.440000	0.632142	0.648360	1.365293	1.352559	0.632040	0.647811	0.965892	0.966555
0.450000	0.605333	0.608964	1.394007	1.391511	0.604866	0.608804	0.992257	0.991751
0.460000	0.573055	0.577774	1.427466	1.421723	0.572845	0.577895	0.987842	0.987273
0.470000	0.539591	0.535393	1.463171	1.463171	0.539078	0.534334	1.007842	1.008878
0.480000	0.500761	0.507360	1.495131	1.493633	0.500821	0.507080	0.986005	0.986667
0.490000	0.467458	0.454058	1.532834	1.540824	0.467185	0.453666	1.034877	1.035167
0.500000	0.441646	0.440027	1.561298	1.563046	0.441288	0.439879	1.004802	1.004327
0.510000	0.404105	0.412161	1.596005	1.588015	0.403795	0.412043	0.975548	0.975076
0.520000	0.371802	0.368304	1.626717	1.633208	0.371417	0.369057	1.013527	1.010413
0.530000	0.337738	0.338912	1.656180	1.663171	0.337370	0.338434	1.000744	1.001065
0.540000	0.320376	0.312471	1.682397	1.689139	0.320850	0.312912	1.029406	1.029478
0.550000	0.293645	0.296855	1.709863	1.701373	0.292631	0.297894	0.984274	0.977456
0.560000	0.264493	0.269178	1.732335	1.729338	0.264284	0.271993	0.980898	0.969979
0.570000	0.250977	0.236625	1.758052	1.762047	0.250341	0.236888	1.063066	1.059190
0.580000	0.231672	0.224187	1.782022	1.783521	0.231416	0.223606	1.034257	1.035797
0.590000	0.204708	0.209869	1.809488	1.816479	0.203876	0.207904	0.979178	0.984411
0.600000	0.187965	0.182582	1.848439	1.846941	0.189047	0.187956	1.028646	1.004985
0.610000	0.165814	0.175947	1.906617	1.877903	0.169036	0.173892	0.928219	0.957430
0.620000	0.151103	0.153094	1.944819	1.984769	0.151159	0.152143	1.007270	1.013941
0.630000	0.129989	0.144550	2.010986	2.042697	0.129257	0.145654	0.913448	0.901415
0.640000	0.128567	0.131265	2.082147	2.105618	0.123310	0.125047	0.990487	0.997226
0.650000	0.116445	0.093982	2.130836	2.171286	0.115571	0.100294	1.262537	1.174199
0.660000	0.103936	0.108918	2.232709	2.221473	0.099975	0.108156	0.949455	0.919701
0.670000	0.103615	0.097671	2.313109	2.242447	0.097473	0.097809	1.028452	0.966120
0.680000	0.069163	0.087283	2.391760	2.370287	0.072261	0.085803	0.785286	0.834614
0.690000	0.098362	0.091373	2.471399	2.556554	0.100132	0.084349	1.113584	1.228021
0.700000	0.062132	0.089560	2.554557	2.629713	0.066415	0.075041	0.714153	0.911086
0.710000	0.055024	0.053005	2.704869	2.684644	0.059484	0.070102	1.030323	0.842199
0.720000	0.050368	0.050495	2.759959	2.757054	0.049144	0.058704	0.996426	0.836256
0.730000	0.029012	0.072081	3.096380	3.020225	0.040752	0.062857	0.392596	0.632387
0.740000	0.041517	0.042857	3.169288	3.270940	0.046819	0.046025	0.999795	1.049870
0.750000	0.022646	0.038404	3.495148	2.241597	0.024390	0.053191	0.378180	0.294080
0.760000	0.031878	0.010247	2.514917	3.527934	0.044776	0.022263	4.364143	2.821310
0.770000	0.029577	0.034815	4.122777	3.916928	0.037221	0.022388	0.807127	1.579521
0.780000	0.016455	0.025952	4.315686	2.537026	0.025788	0.032967	0.372732	0.459846
0.790000	0.012593	0.000000	2.643671	2.881512	0.022305	0.000000	0.000000	0.000000
0.800000	0.000000	0.000000	2.248751	2.667188	0.000000	0.000000	0.000000	0.000000
0.810000	0.025556	0.000000	2.334023	1.712498	0.048128	0.000000	0.000000	0.000000
0.820000	0.000000	0.030741	2.159398	2.058269	0.000000	0.049587	0.000000	0.000000
0.830000	0.000000	0.015926	1.805368	3.298205	0.000000	0.028037	0.000000	0.000000
0.840000	0.000000	0.013360	1.805062	2.367095	0.000000	0.026786	0.000000	0.000000
0.850000	0.000000	0.000000	1.506142	1.772032	0.000000	0.000000	0.000000	0.000000
0.860000	0.000000	0.000000	1.485926	1.409804	0.000000	0.000000	0.000000	0.000000
0.870000	0.000000	0.000000	1.190000	1.172619	0.000000	0.000000	0.000000	0.000000
0.880000	0.000000	0.000000	1.381818	1.192308	0.000000	0.000000	0.000000	0.000000
0.890000	0.000000	0.000000	1.177778	1.108466	0.000000	0.000000	0.000000	0.000000
0.900000	0.000000	0.000000	1.116667	1.062500	0.000000	0.000000	0.000000	0.000000
0.910000	0.000000	0.000000	1.025641	1.060606	0.000000	0.000000	0.000000	0.000000
0.920000	0.000000	0.000000	1.166667	1.041667	0.000000	0.000000	0.000000	0.000000
0.930000	0.000000	0.000000	1.055556	1.041667	0.000000	0.000000	0.000000	0.000000
0.940000	0.000000	0.000000	1.000000	1.000000	0.000000	0.000000	0.000000	0.000000
0.950000	0.000000	0.000000	0.	0.	0.000000	0.000000	0.000000	0.000000
0.960000	0.000000	0.000000	0.	0.	0.000000	0.000000	0.000000	0.000000
0.970000	0.000000	0.000000	0.	0.	0.000000	0.000000	0.000000	0.000000
0.980000	0.000000	0.000000	0.	0.	0.000000	0.000000	0.000000	0.000000
0.990000	0.000000	0.000000	0.	0.	0.000000	0.000000	0.000000	0.000000
1.000000	0.000000	0.000000	0.	0.	0.000000	0.000000	0.000000	0.000000
