0.000000	1.000000	1.000000	1.000000	1.000000	1.000000	1.000000	1.000000	1.000000
0.010000	0.695772	0.695344	1.303870	1.305368	0.695830	0.695031	1.001765	1.002301
0.020000	0.643599	0.643454	1.356305	1.355056	0.643630	0.643473	0.999304	0.999323
0.030000	0.591414	0.593659	1.408989	1.407740	0.591099	0.593299	0.995335	0.995408
0.040000	0.538852	0.539664	1.463171	1.455431	0.537723	0.540048	0.993213	0.990428
0.050000	0.487177	0.484038	1.514607	1.515855	0.486879	0.484166	1.007316	1.006432
0.060000	0.459880	0.456387	1.542072	1.545069	0.459556	0.456186	1.009612	1.009344
0.070000	0.431312	0.448948	1.566292	1.555556	0.431029	0.449256	0.954132	0.952852
0.080000	0.416648	0.422233	1.585268	1.576280	0.415495	0.421880	0.981179	0.979280
0.090000	0.384081	0.389890	1.617978	1.615231	0.385000	0.388763	0.983430	0.988638
0.100000	0.370239	0.381973	1.630462	1.619476	0.368910	0.381206	0.962748	0.961225
0.110000	0.356244	0.353268	1.641948	1.645943	0.356350	0.352458	1.010876	1.013504
0.120000	0.343214	0.330883	1.657179	1.669913	0.342571	0.329262	1.045237	1.048416
0.130000	0.322647	0.333287	1.675156	1.668914	0.324621	0.333488	0.964469	0.969783
0.140000	0.321208	0.307070	1.681648	1.694881	0.320580	0.306717	1.054273	1.053423
0.150000	0.312552	0.298699	1.688639	1.694382	0.312667	0.298791	1.049936	1.049997
0.160000	0.312042	0.294884	1.697628	1.705868	0.310313	0.293524	1.063323	1.062328
0.170000	0.290537	0.305786	1.705618	1.689388	0.290931	0.305464	0.941091	0.943360
0.180000	0.278442	0.300476	1.711361	1.704120	0.278300	0.298899	0.922749	0.927144
0.190000	0.286705	0.287627	1.717353	1.714357	0.285043	0.288434	0.995055	0.986522
0.200000	0.279595	0.266814	1.723596	1.737328	0.280102	0.266486	1.056249	1.059470
0.210000	0.268723	0.265447	1.726841	1.734831	0.268328	0.264255	1.017024	1.020112
0.220000	0.269915	0.289018	1.734082	1.720350	0.269168	0.287292	0.926506	0.929495
0.230000	0.264720	0.264848	1.740574	1.736080	0.264811	0.265487	0.996933	0.994880
0.240000	0.256144	0.253306	1.744070	1.755056	0.254365	0.251809	1.017573	1.016515
0.250000	0.254521	0.243317	1.747566	1.755056	0.253979	0.242705	1.050531	1.050940
0.260000	0.249172	0.248289	1.754057	1.755556	0.249908	0.247015	1.004412	1.012576
0.270000	0.246089	0.252128	1.757303	1.759800	0.248668	0.253743	0.977435	0.981390
0.280000	0.252043	0.252571	1.760050	1.757054	0.250332	0.250778	0.996213	0.996521
0.290000	0.241342	0.238163	1.762797	1.759551	0.241164	0.237962	1.011482	1.011590
0.300000	0.228983	0.238584	1.766792	1.768040	0.230232	0.238807	0.960439	0.964776
0.310000	0.236201	0.244879	1.772784	1.766792	0.236408	0.242136	0.961299	0.973041
0.320000	0.233074	0.244506	1.771785	1.763296	0.234441	0.242296	0.948675	0.962947
0.330000	0.222553	0.242312	1.777278	1.768789	0.224222	0.244026	0.914070	0.914456
0.340000	0.227165	0.234239	1.778777	1.772035	0.225803	0.235552	0.966128	0.954978
0.350000	0.218279	0.219187	1.788015	1.783271	0.217504	0.219805	0.993214	0.986909
0.360000	0.217858	0.214739	1.790262	1.782022	0.219183	0.215771	1.009853	1.011138
0.370000	0.221978	0.212115	1.795006	1.802497	0.221132	0.212047	1.050869	1.047192
0.380000	0.214842	0.212831	1.800250	1.796504	0.212704	0.210742	1.007350	1.007209
0.390000	0.210666	0.211767	1.802247	1.799001	0.211981	0.210340	0.993010	1.005989
0.400000	0.204521	0.223694	1.801248	1.789263	0.202980	0.220333	0.908206	0.915112
0.410000	0.199611	0.204123	1.803246	1.819975	0.199960	0.202123	0.986967	0.998477
0.420000	0.216255	0.202620	1.815980	1.801498	0.212760	0.204791	1.058779	1.030631
0.430000	0.207030	0.197524	1.818477	1.810237	0.206433	0.198255	1.043377	1.036535
0.440000	0.203948	0.204716	1.822222	1.817478	0.202010	0.202901	0.993654	0.993020
0.450000	0.189712	0.219894	1.822971	1.798002	0.191792	0.218424	0.850926	0.866044
0.460000	0.196124	0.220922	1.825468	1.797503	0.196549	0.218790	0.874153	0.884586
0.470000	0.194178	0.199139	1.838202	1.822472	0.193023	0.198430	0.966743	0.964428
0.480000	0.184208	0.191255	1.839451	1.831960	0.184795	0.192442	0.959227	0.956352
0.490000	0.181228	0.188510	1.854182	1.856180	0.181145	0.187286	0.962407	0.968254
0.500000	0.185030	0.200620	1.856929	1.827965	0.185471	0.200913	0.907906	0.908744
0.510000	0.190944	0.195266	1.860175	1.859176	0.187882	0.190920	0.977338	0.983556
0.520000	0.185367	0.175537	1.860924	1.889139	0.183025	0.176221	1.072006	1.054359
0.530000	0.181201	0.200422	1.863421	1.836205	0.178963	0.201094	0.890894	0.876950
0.540000	0.174103	0.173585	1.876654	1.877154	0.174197	0.175698	1.003250	0.991722
0.550000	0.182907	0.178436	1.886142	1.870162	0.182294	0.178616	1.016370	1.011947
0.560000	0.164260	0.168138	1.884644	1.907366	0.165280	0.168078	0.988719	0.995210
0.570000	0.169357	0.164758	1.887640	1.920849	0.170792	0.164055	1.045994	1.059382
0.580000	0.168301	0.173274	1.899126	1.897878	0.169018	0.169474	0.970662	0.996653
0.590000	0.155794	0.160655	1.896380	1.893633	0.154983	0.163675	0.968343	0.945520
0.600000	0.157603	0.173886	1.913858	1.916105	0.152455	0.173126	0.907423	0.881635
0.610000	0.173703	0.156271	1.935081	1.933583	0.173289	0.157695	1.110687	1.098038
0.620000	0.146993	0.170839	1.936080	1.904120	0.145974	0.171307	0.846216	0.838056
0.630000	0.146467	0.165248	1.937079	1.898377	0.149237	0.165521	0.868638	0.883606
0.640000	0.145682	0.150273	1.956305	1.965793	0.146976	0.147817	0.974151	0.999133
0.650000	0.152704	0.148345	1.964794	1.954057	0.151215	0.144343	1.023757	1.041886
0.660000	0.147724	0.155716	1.963296	1.937828	0.145269	0.156581	0.936367	0.915720
0.670000	0.147088	0.132683	1.976280	1.977528	0.146332	0.135271	1.109263	1.082448
0.680000	0.141542	0.150961	1.997503	2.008989	0.143016	0.150645	0.942998	0.954813
0.690000	0.154285	0.135193	2.008489	2.035206	0.150775	0.133656	1.156398	1.143088
0.700000	0.132977	0.130942	2.027216	2.075406	0.132144	0.129249	1.039686	1.046703
0.710000	0.137530	0.125130	2.034457	2.076155	0.134386	0.127505	1.121627	1.075568
0.720000	0.143890	0.131062	2.057179	2.096879	0.139512	0.128151	1.119063	1.109661
0.730000	0.127720	0.131456	2.066417	2.075905	0.124786	0.129182	0.976041	0.970409
0.740000	0.121272	0.133531	2.077403	2.066417	0.118337	0.137976	0.903392	0.853125
0.750000	0.136584	0.128505	2.101124	2.026467	0.135924	0.127669	1.025105	1.026829
0.760000	0.116004	0.105462	2.104619	2.173283	0.117555	0.100671	1.135843	1.205809
0.770000	0.116353	0.117303	2.132834	2.144070	0.110661	0.117178	0.997124	0.949355
0.780000	0.119139	0.119444	2.168040	2.123096	0.109780	0.116447	0.976767	0.923207
0.790000	0.119127	0.115809	2.187765	2.130587	0.115198	0.116332	1.001763	0.964373
0.800000	0.098111	0.110820	2.204494	2.204494	0.098395	0.110927	0.885317	0.887031
0.810000	0.103099	0.113635	2.226467	2.246192	0.104696	0.116346	0.915321	0.907842
0.820000	0.115311	0.130240	2.250936	2.163046	0.112570	0.128517	0.850801	0.841719
0.830000	0.103469	0.097166	2.290637	2.264919	0.109969	0.101906	1.052915	1.067015
0.840000	0.088727	0.088786	2.303870	2.308365	0.091183	0.092823	1.001288	0.984245
0.850000	0.108977	0.112415	2.312110	2.167541	0.099143	0.115810	0.908800	0.802556
0.860000	0.098097	0.086929	2.371785	2.313608	0.100547	0.085714	1.100794	1.144277
0.870000	0.096165	0.086702	2.435456	2.380774	0.096813	0.088463	1.084240	1.069816
0.880000	0.080105	0.086965	2.508864	2.484894	0.079365	0.089828	0.912324	0.875079
0.890000	0.077540	0.055261	2.594995	2.682147	0.069806	0.054159	1.450274	1.332208
0.900000	0.061852	0.067467	2.693383	2.673159	0.070927	0.062382	0.909898	1.128436
0.910000	0.040265	0.047475	2.915356	2.939576	0.048101	0.045740	0.855172	1.060362
0.920000	0.036755	0.038836	3.108150	3.269663	0.041667	0.044888	0.995592	0.976476
0.930000	0.019656	0.030741	3.679650	4.342544	0.021700	0.017544	0.754606	1.459717
0.940000	0.042222	0.023122	2.580895	3.936695	0.036254	0.023018	2.785370	2.402420
0.950000	0.025185	0.047037	2.110721	3.108544	0.031414	0.040000	0.788554	1.156603
0.960000	0.000000	0.024074	1.979516	2.698224	0.000000	0.029126	0.000000	0.000000
0.970000	0.000000	0.000000	1.164706	1.183333	0.000000	0.000000	0.000000	0.000000
0.980000	0.000000	0.000000	1.083333	1.083333	0.000000	0.000000	0.000000	0.000000
0.990000	0.000000	0.000000	0.	0.	0.000000	0.000000	0.000000	0.000000
