0.000000	1.000000	1.000000	1.000000	1.000000	1.000000	1.000000	1.000000	1.000000
0.010000	0.755081	0.690258	1.303870	1.311610	0.746450	0.690041	1.100405	1.088168
0.020000	0.718228	0.634026	1.356305	1.366792	0.706469	0.633895	1.141564	1.123106
0.030000	0.689952	0.593946	1.408989	1.404744	0.671618	0.593778	1.158141	1.127685
0.040000	0.667932	0.539079	1.463171	1.460674	0.640233	0.539389	1.236910	1.184934
0.050000	0.647229	0.479309	1.515605	1.518352	0.612733	0.479061	1.352785	1.281345
0.060000	0.646274	0.444146	1.543820	1.555556	0.605203	0.444106	1.466157	1.373103
0.070000	0.634353	0.445927	1.570287	1.556055	0.593431	0.446245	1.409656	1.317780
0.080000	0.630941	0.418040	1.591261	1.583521	0.586609	0.416650	1.501940	1.401068
0.090000	0.633715	0.383441	1.633708	1.618227	0.578304	0.384669	1.637045	1.489135
0.100000	0.635746	0.366271	1.649438	1.635456	0.575723	0.365394	1.721012	1.562265
0.110000	0.643641	0.345875	1.673159	1.647940	0.579192	0.345186	1.832858	1.652622
0.120000	0.640627	0.347076	1.697628	1.649688	0.574968	0.347976	1.793661	1.605661
0.130000	0.639503	0.318631	1.733333	1.674157	0.569677	0.319329	1.938510	1.723079
0.140000	0.639496	0.322830	1.746567	1.679151	0.570036	0.321916	1.904446	1.702408
0.150000	0.644762	0.306660	1.762047	1.698876	0.572813	0.306140	2.027154	1.804004
0.160000	0.646795	0.302679	1.785268	1.690886	0.571984	0.301777	2.023927	1.795185
0.170000	0.651790	0.297800	1.808739	1.708614	0.571177	0.297378	2.067530	1.814388
0.180000	0.654760	0.290446	1.834457	1.707116	0.575085	0.289267	2.097841	1.850075
0.190000	0.652596	0.257116	1.846692	1.741823	0.573413	0.258157	2.394004	2.095046
0.200000	0.656706	0.269189	1.862422	1.727341	0.572770	0.268466	2.262633	1.978753
0.210000	0.656678	0.279690	1.880400	1.718352	0.573056	0.278629	2.145547	1.879455
0.220000	0.656289	0.267283	1.902622	1.734332	0.572029	0.270089	2.238228	1.930596
0.230000	0.659758	0.271050	1.924594	1.725843	0.573691	0.271697	2.182712	1.893458
0.240000	0.657931	0.249232	1.945568	1.746317	0.571194	0.250757	2.369484	2.044595
0.250000	0.660625	0.251923	1.964794	1.747566	0.572595	0.251386	2.332404	2.025924
0.260000	0.657261	0.251826	1.984270	1.754057	0.571242	0.252627	2.307170	1.998862
0.270000	0.658036	0.243203	1.988015	1.765293	0.570733	0.242838	2.402581	2.086961
0.280000	0.658718	0.251009	2.009738	1.752559	0.572021	0.251726	2.288463	1.981610
0.290000	0.657777	0.225972	2.016729	1.767041	0.570395	0.227436	2.550491	2.197430
0.300000	0.657306	0.240070	2.029463	1.763296	0.569976	0.238942	2.378883	2.072566
0.310000	0.652940	0.230276	2.039700	1.776529	0.567732	0.227494	2.469622	2.173602
0.320000	0.651891	0.230538	2.051436	1.768539	0.566247	0.232801	2.437751	2.096899
0.330000	0.646658	0.222304	2.062672	1.788514	0.563713	0.224017	2.522259	2.181920
0.340000	0.645722	0.236046	2.079151	1.780025	0.563738	0.235000	2.342010	2.053758
0.350000	0.644868	0.230450	2.098876	1.778277	0.563729	0.228900	2.370867	2.086588
0.360000	0.644232	0.209893	2.102871	1.797253	0.563027	0.209521	2.623261	2.296665
0.370000	0.643063	0.217159	2.109613	1.796005	0.558860	0.217394	2.521043	2.188571
0.380000	0.647593	0.199703	2.129089	1.806742	0.559082	0.200437	2.751822	2.367010
0.390000	0.648389	0.208659	2.142322	1.813733	0.558672	0.209284	2.630792	2.260005
0.400000	0.646442	0.202023	2.144819	1.811236	0.556158	0.202055	2.702169	2.324412
0.410000	0.647744	0.194485	2.152060	1.819975	0.554747	0.196175	2.816619	2.391451
0.420000	0.644707	0.200700	2.161548	1.805993	0.552991	0.200376	2.683905	2.305813
0.430000	0.645385	0.212321	2.170287	1.804744	0.552020	0.210796	2.527691	2.177659
0.440000	0.646857	0.203286	2.177528	1.801498	0.551913	0.204492	2.632521	2.232872
0.450000	0.647213	0.197293	2.181523	1.819476	0.551491	0.196238	2.736039	2.343914
0.460000	0.646263	0.194684	2.191511	1.835955	0.550406	0.195822	2.780985	2.354725
0.470000	0.642645	0.189121	2.209988	1.831461	0.550163	0.187782	2.816047	2.427979
0.480000	0.635142	0.187058	2.270662	1.848190	0.552154	0.185828	2.763690	2.418486
0.490000	0.639588	0.194622	2.296380	1.834457	0.550761	0.193593	2.625264	2.272671
0.500000	0.629160	0.187010	2.303121	1.859176	0.552067	0.189825	2.715810	2.347692
0.510000	0.628019	0.192696	2.318851	1.847441	0.552048	0.190568	2.596556	2.307936
0.520000	0.626910	0.186285	2.327591	1.872659	0.550169	0.181977	2.707565	2.432379
0.530000	0.624247	0.189824	2.338826	1.848689	0.549007	0.191369	2.599396	2.267628
0.540000	0.622457	0.172524	2.342322	1.875156	0.544583	0.170860	2.888356	2.551607
0.550000	0.622258	0.167712	2.369788	1.879151	0.543604	0.168201	2.942106	2.562755
0.560000	0.622767	0.171075	2.377778	1.896629	0.542689	0.168100	2.903687	2.575108
0.570000	0.618059	0.162200	2.381773	1.915356	0.537984	0.159509	3.064273	2.712270
0.580000	0.618995	0.157571	2.403496	1.883645	0.536670	0.158440	3.078698	2.654589
0.590000	0.616731	0.163823	2.408989	1.906367	0.534659	0.162796	2.979149	2.598996
0.600000	0.614607	0.153576	2.421973	1.976280	0.530604	0.148640	3.265530	2.912829
0.610000	0.614762	0.164277	2.449938	1.925343	0.530349	0.170888	2.940924	2.438949
0.620000	0.613682	0.161246	2.469413	1.928090	0.530289	0.158327	2.971582	2.615122
0.630000	0.611028	0.161245	2.482397	1.930087	0.525638	0.154969	2.946326	2.637227
0.640000	0.611476	0.150279	2.498377	1.919351	0.525311	0.154615	3.125922	2.610127
0.650000	0.613739	0.145058	2.525094	1.983770	0.525222	0.145691	3.323951	2.832202
0.660000	0.612312	0.130026	2.546317	1.998002	0.525061	0.131016	3.695098	3.144636
0.670000	0.609156	0.151994	2.562047	1.979026	0.524105	0.154074	3.095750	2.627570
0.680000	0.609495	0.152499	2.590012	2.016979	0.518921	0.154353	3.112446	2.618096
0.690000	0.613721	0.145763	2.607740	2.007491	0.515242	0.139286	3.241260	2.847697
0.700000	0.609725	0.138524	2.628964	2.031211	0.511108	0.139067	3.400773	2.839614
0.710000	0.602552	0.134514	2.652185	2.060424	0.509062	0.135715	3.480018	2.914034
0.720000	0.600099	0.157894	2.671161	2.042946	0.506974	0.156123	2.906785	2.483560
0.730000	0.598732	0.127738	2.690886	2.092135	0.502459	0.126219	3.644232	3.095069
0.740000	0.596149	0.126150	2.708614	2.057928	0.501256	0.133147	3.590459	2.860296
0.750000	0.593809	0.117986	2.731586	2.113358	0.498221	0.115936	3.893808	3.324761
0.760000	0.584803	0.114050	2.759051	2.139576	0.487610	0.113445	3.976333	3.333144
0.770000	0.582041	0.120506	2.796255	2.120100	0.485270	0.115837	3.662054	3.176261
0.780000	0.569661	0.109812	2.833958	2.106617	0.476570	0.109833	3.856207	3.225412
0.790000	0.575272	0.098756	2.871660	2.195755	0.476467	0.097858	4.454126	3.722957
0.800000	0.573009	0.112450	2.883044	2.231710	0.476630	0.106248	3.944460	3.472522
0.810000	0.555522	0.102781	2.941777	2.313858	0.470602	0.094895	4.251245	3.900647
0.820000	0.557611	0.097105	2.947753	2.192010	0.471367	0.100924	4.270145	3.473090
0.830000	0.551142	0.107142	2.989812	2.215980	0.470573	0.109951	3.812625	3.172111
0.840000	0.556232	0.094506	3.033699	2.305368	0.469628	0.089071	4.472644	4.006671
0.850000	0.559362	0.100721	3.068443	2.274157	0.470848	0.103034	4.116012	3.386911
0.860000	0.540135	0.107180	3.136886	2.319351	0.459127	0.097273	3.726106	3.489873
0.870000	0.519102	0.079384	3.244323	2.414981	0.451202	0.079794	4.867533	4.209132
0.880000	0.479124	0.085478	3.368536	2.444444	0.437288	0.082141	4.067538	3.863177
0.890000	0.456478	0.080871	3.499042	2.609238	0.420686	0.072329	4.209144	4.337223
0.900000	0.466229	0.081077	3.650140	2.553808	0.416860	0.072831	4.023258	4.004568
0.910000	0.432427	0.054004	3.928011	2.971399	0.399848	0.045977	6.057305	6.578731
0.920000	0.406263	0.041126	3.148410	3.135581	0.403602	0.046924	9.838151	8.566152
0.930000	0.312681	0.031552	3.665327	3.355306	0.336079	0.033946	9.071797	9.062940
0.940000	0.225185	0.030926	2.954086	2.699860	0.254386	0.035608	6.654804	6.529200
0.950000	0.110000	0.000000	3.862176	2.611560	0.189474	0.000000	0.000000	0.000000
0.960000	0.065185	0.000000	2.008821	1.652010	0.170455	0.000000	0.000000	0.000000
0.970000	0.000000	0.000000	1.366667	1.164706	0.000000	0.000000	0.000000	0.000000
0.980000	0.000000	0.000000	1.500000	1.000000	0.000000	0.000000	0.000000	0.000000
0.990000	0.000000	0.000000	0.	0.	0.000000	0.000000	0.000000	0.000000
