0.010000	0.740387	0.697513	1.303870	1.301873	0.733034	0.697435	1.059840	1.049433
0.020000	0.695491	0.641108	1.356305	1.357054	0.685740	0.641140	1.085426	1.070155
0.030000	0.650878	0.594543	1.408989	1.402247	0.640806	0.594554	1.089516	1.072635
0.040000	0.604340	0.534436	1.463171	1.464919	0.592864	0.533848	1.132151	1.111875
0.050000	0.560170	0.478052	1.514607	1.520849	0.549679	0.477505	1.176605	1.155892
0.060000	0.531540	0.445465	1.542072	1.556554	0.521407	0.444780	1.204432	1.183288
0.070000	0.498707	0.432792	1.566292	1.571036	0.490493	0.432630	1.155794	1.137182
0.080000	0.476776	0.413836	1.585268	1.587516	0.469157	0.412586	1.153723	1.138725
0.090000	0.457552	0.383030	1.617978	1.616479	0.443284	0.383451	1.193454	1.154968
0.100000	0.435203	0.366428	1.630462	1.631960	0.427214	0.367358	1.188781	1.164004
0.110000	0.429853	0.355171	1.641948	1.645693	0.417683	0.354652	1.213031	1.180410
0.120000	0.410468	0.336713	1.657179	1.664669	0.399451	0.336873	1.224554	1.191120
0.130000	0.389100	0.313738	1.675905	1.686142	0.380106	0.313327	1.247784	1.220539
0.140000	0.380151	0.316521	1.681898	1.687141	0.370890	0.316591	1.204775	1.175162
0.150000	0.374617	0.302094	1.689388	1.702871	0.367138	0.300623	1.249967	1.231006
0.160000	0.366350	0.299393	1.698377	1.703371	0.359012	0.300907	1.227239	1.196608
0.170000	0.349277	0.286810	1.707366	1.713109	0.342957	0.285429	1.221896	1.205589
0.180000	0.353829	0.280416	1.714107	1.711860	0.341460	0.279868	1.260146	1.218474
0.190000	0.335848	0.283749	1.720599	1.712360	0.332531	0.284681	1.177938	1.162487
0.200000	0.340334	0.275791	1.725343	1.730087	0.333579	0.274363	1.237422	1.219176
0.210000	0.332533	0.278216	1.732335	1.722597	0.325913	0.279034	1.188517	1.161438
0.220000	0.325068	0.253569	1.739076	1.743321	0.319744	0.255292	1.285099	1.255522
0.230000	0.324447	0.260271	1.745318	1.736330	0.315933	0.258930	1.240154	1.213861
0.240000	0.305937	0.253775	1.747066	1.753558	0.295340	0.253300	1.210026	1.170301
0.250000	0.310204	0.266982	1.755056	1.735331	0.301194	0.266020	1.148833	1.119498
0.260000	0.299896	0.241725	1.764295	1.765293	0.292266	0.240908	1.241349	1.213872
0.270000	0.305521	0.253754	1.762797	1.748564	0.291133	0.253544	1.194284	1.138985
0.280000	0.287631	0.253405	1.767790	1.748065	0.281622	0.253470	1.122399	1.098672
0.290000	0.286747	0.240780	1.774282	1.764295	0.283378	0.242307	1.184204	1.162917
0.300000	0.294765	0.247161	1.777528	1.761798	0.283463	0.246676	1.182051	1.138963
0.310000	0.278901	0.244264	1.780275	1.766292	0.274267	0.243444	1.132833	1.117763
0.320000	0.278127	0.228649	1.783021	1.779026	0.275720	0.227769	1.213667	1.207814
0.330000	0.273394	0.218893	1.784519	1.787516	0.266749	0.220016	1.251084	1.214440
0.340000	0.272187	0.229189	1.795256	1.773034	0.262218	0.230084	1.172910	1.125553
0.350000	0.273583	0.218871	1.800749	1.798502	0.263475	0.218047	1.248410	1.206830
0.360000	0.272714	0.236375	1.809988	1.770787	0.261929	0.236092	1.128746	1.085406
0.370000	0.264346	0.214932	1.808989	1.790762	0.258877	0.214040	1.217517	1.197289
0.380000	0.255163	0.223612	1.822472	1.787266	0.258947	0.224350	1.119053	1.131914
0.390000	0.269236	0.208666	1.821973	1.801748	0.254818	0.210533	1.275953	1.196910
0.400000	0.252258	0.226707	1.838702	1.786267	0.251050	0.225709	1.080972	1.080555
0.410000	0.265143	0.178586	1.833708	1.843945	0.252402	0.180293	1.492971	1.407768
0.420000	0.249203	0.204358	1.846941	1.831461	0.252770	0.200178	1.209222	1.252138
0.430000	0.250291	0.191224	1.844944	1.824969	0.250969	0.193869	1.294716	1.280511
0.440000	0.247289	0.195469	1.844195	1.827715	0.246738	0.195360	1.253797	1.251703
0.450000	0.245797	0.190282	1.849438	1.844694	0.243322	0.186538	1.288437	1.301060
0.460000	0.251466	0.188842	1.858926	1.818976	0.239394	0.187077	1.303004	1.252151
0.470000	0.237271	0.199452	1.865169	1.819975	0.230881	0.199844	1.160787	1.127314
0.480000	0.222902	0.194454	1.887391	1.831461	0.227561	0.191987	1.112329	1.150167
0.490000	0.231150	0.186916	1.891885	1.841948	0.229484	0.183007	1.204008	1.220863
0.500000	0.212478	0.174445	1.889139	1.870162	0.213237	0.171901	1.205785	1.228000
0.510000	0.224104	0.175751	1.905618	1.880899	0.222205	0.178040	1.258585	1.231874
0.520000	0.215187	0.180953	1.915855	1.857179	0.215919	0.177381	1.152762	1.179978
0.530000	0.225913	0.173094	1.923096	1.869663	0.229879	0.168502	1.268881	1.326344
0.540000	0.209753	0.184835	1.917853	1.867416	0.218571	0.184632	1.104966	1.152687
0.550000	0.222145	0.177980	1.939576	1.886142	0.221666	0.176454	1.213761	1.221619
0.560000	0.211593	0.180967	1.930337	1.877154	0.211667	0.180873	1.137018	1.138011
0.570000	0.201557	0.187893	1.938577	1.882397	0.198653	0.188174	1.041634	1.025095
0.580000	0.219884	0.161402	1.947566	1.927591	0.217834	0.163407	1.348369	1.319403
0.590000	0.197542	0.164512	1.954806	1.889139	0.204888	0.163076	1.160437	1.214189
0.600000	0.208208	0.172536	1.960050	1.892884	0.205638	0.172871	1.165398	1.148785
0.610000	0.200213	0.156513	1.973034	1.961548	0.196214	0.154502	1.271761	1.262587
0.620000	0.200109	0.138652	1.987765	1.983271	0.187636	0.139622	1.439975	1.340845
0.630000	0.185376	0.155906	1.987016	1.954557	0.187660	0.159666	1.169597	1.156127
0.640000	0.198612	0.160333	2.003995	1.925593	0.189505	0.161349	1.190283	1.128551
0.650000	0.187954	0.143104	2.017978	1.962547	0.184731	0.141879	1.277328	1.266265
0.660000	0.174367	0.130444	2.015980	2.013233	0.175605	0.138751	1.334901	1.263890
0.670000	0.173532	0.150626	2.026717	1.945818	0.179356	0.149004	1.106083	1.155648
0.680000	0.164151	0.142862	2.037453	2.032959	0.159236	0.145944	1.146487	1.088670
0.690000	0.161162	0.146889	2.053433	2.024719	0.167726	0.145623	1.081828	1.135680
0.700000	0.163900	0.144047	2.079650	2.026467	0.170915	0.141427	1.108725	1.177598
0.710000	0.167930	0.142992	2.093383	2.033458	0.171257	0.146840	1.140779	1.132898
0.720000	0.159548	0.118697	2.102871	2.087890	0.162091	0.117561	1.334587	1.368958
0.730000	0.154680	0.130846	2.108864	2.093134	0.159957	0.123683	1.173330	1.283632
0.740000	0.155114	0.138809	2.128589	2.054182	0.161589	0.132283	1.078404	1.178837
0.750000	0.162733	0.120319	2.137328	2.105119	0.161061	0.118268	1.332137	1.341310
0.760000	0.127602	0.111845	2.163546	2.103620	0.144516	0.112465	1.109281	1.249394
0.770000	0.149930	0.117233	2.181773	2.091635	0.144768	0.117366	1.226069	1.182509
0.780000	0.136332	0.128023	2.193508	2.088889	0.131830	0.129547	1.014113	0.969087
0.790000	0.133435	0.103624	2.215980	2.253433	0.133112	0.095702	1.309446	1.414418
0.800000	0.154636	0.107131	2.215015	2.176779	0.138937	0.102373	1.418503	1.333734
0.810000	0.118517	0.106264	2.240041	2.199251	0.124024	0.111460	1.094994	1.092463
0.820000	0.109133	0.100134	2.233020	2.228964	0.114052	0.104767	1.087893	1.086650
0.830000	0.114013	0.101015	2.271944	2.264919	0.118212	0.103732	1.125187	1.136062
0.840000	0.114646	0.089191	2.298589	2.266417	0.118812	0.086197	1.267408	1.359081
0.850000	0.109082	0.107269	2.315569	2.322097	0.125173	0.101315	1.019764	1.238963
0.860000	0.096327	0.108487	2.353971	2.390762	0.114321	0.097438	0.901796	1.191608
0.870000	0.090719	0.091142	2.380575	2.481398	0.098325	0.080908	1.037509	1.266744
0.880000	0.121858	0.066124	2.462654	2.500624	0.109322	0.068091	1.871271	1.630288
0.890000	0.091493	0.075957	2.566347	2.662672	0.086524	0.062572	1.249743	1.434684
0.900000	0.078739	0.060629	2.601961	2.882896	0.088953	0.066090	1.438941	1.491274
0.910000	0.063971	0.037461	2.787955	2.705068	0.066260	0.042583	1.656902	1.509756
0.920000	0.039718	0.033131	2.924119	3.203013	0.044492	0.031542	1.313170	1.545080
0.930000	0.045917	0.048598	3.410720	3.425822	0.069193	0.080063	0.949021	0.868058
0.940000	0.034815	0.035238	3.914217	2.866598	0.043860	0.058252	0.723558	0.551408
0.950000	0.007407	0.012593	2.911149	3.052532	0.015789	0.027027	0.616803	0.612583
0.960000	0.000000	0.009259	2.080060	1.747517	0.000000	0.029126	0.000000	0.000000
0.970000	0.000000	0.000000	1.366667	1.207018	0.000000	0.000000	0.000000	0.000000
0.990000	0.000000	0.000000	0.	0.	0.000000	0.000000	0.000000	0.000000
