0.010000	0.739515	0.695808	1.303870	1.303620	0.731975	0.695778	1.062611	1.051824
0.020000	0.693941	0.649935	1.356305	1.350562	0.686078	0.649649	1.063188	1.051603
0.030000	0.651010	0.575067	1.408989	1.423970	0.640643	0.574905	1.144095	1.126194
0.040000	0.604442	0.540897	1.463171	1.458427	0.592808	0.540738	1.113859	1.092740
0.050000	0.558700	0.472750	1.514607	1.522846	0.543925	0.472648	1.188238	1.157065
0.060000	0.533554	0.454030	1.542072	1.543571	0.518794	0.453697	1.176293	1.144591
0.070000	0.499924	0.425169	1.566292	1.570287	0.487442	0.425335	1.178822	1.148941
0.080000	0.477317	0.427021	1.585268	1.580275	0.466892	0.426381	1.114263	1.091562
0.090000	0.452754	0.380593	1.617978	1.616979	0.441131	0.380383	1.188867	1.158986
0.100000	0.436485	0.379869	1.630712	1.623471	0.425371	0.379634	1.143939	1.115501
0.110000	0.427358	0.349075	1.641948	1.643945	0.415171	0.349227	1.225747	1.190272
0.120000	0.406470	0.348292	1.657428	1.652684	0.396638	0.347318	1.163700	1.138734
0.130000	0.395130	0.318903	1.675655	1.676654	0.379884	0.318912	1.239769	1.191895
0.140000	0.380986	0.310476	1.681648	1.685643	0.366490	0.309066	1.230018	1.188615
0.150000	0.372585	0.304118	1.689388	1.695381	0.362387	0.304433	1.229480	1.194590
0.160000	0.360472	0.316898	1.698876	1.688390	0.352370	0.315845	1.130481	1.108756
0.170000	0.361019	0.293551	1.706866	1.698876	0.345554	0.294105	1.224077	1.169437
0.180000	0.348401	0.278431	1.713109	1.721099	0.336035	0.280485	1.257140	1.203638
0.190000	0.343772	0.291457	1.720350	1.717603	0.332824	0.290931	1.177610	1.142169
0.200000	0.328626	0.292536	1.727840	1.713608	0.327542	0.292772	1.114116	1.109547
0.210000	0.328572	0.267692	1.731835	1.731586	0.319348	0.268981	1.227248	1.187080
0.220000	0.323869	0.265840	1.740574	1.740075	0.313492	0.265750	1.217939	1.179312
0.230000	0.320090	0.254519	1.744070	1.748814	0.311397	0.253091	1.261048	1.233719
0.240000	0.314677	0.253885	1.750562	1.738077	0.304261	0.255857	1.230607	1.180703
0.250000	0.317172	0.265016	1.754057	1.735830	0.302159	0.263441	1.184367	1.135053
0.260000	0.294672	0.235526	1.760549	1.761798	0.285431	0.234503	1.252009	1.218040
0.270000	0.303717	0.249164	1.761548	1.745818	0.291261	0.249436	1.208059	1.157251
0.280000	0.291787	0.229483	1.767291	1.777528	0.280575	0.230745	1.278865	1.222997
0.290000	0.298772	0.239122	1.774282	1.772035	0.286478	0.239629	1.247875	1.193992
0.300000	0.287255	0.232001	1.780025	1.766292	0.274592	0.233465	1.228612	1.167087
0.310000	0.282673	0.229681	1.781773	1.769538	0.275820	0.231175	1.222270	1.184927
0.320000	0.280466	0.234322	1.785019	1.767541	0.276726	0.234320	1.185205	1.169412
0.330000	0.272448	0.237773	1.787516	1.766792	0.263194	0.237806	1.132548	1.093930
0.340000	0.259704	0.221697	1.799251	1.785268	0.256077	0.221983	1.162333	1.144624
0.350000	0.278070	0.226783	1.809238	1.771785	0.265377	0.226126	1.200767	1.149288
0.360000	0.270529	0.217814	1.802747	1.790012	0.260018	0.216914	1.233248	1.190247
0.370000	0.263801	0.222782	1.813233	1.788764	0.260018	0.221297	1.168144	1.159117
0.380000	0.255965	0.203966	1.816729	1.807740	0.240378	0.204985	1.248732	1.166859
0.390000	0.267678	0.210639	1.826467	1.788265	0.249828	0.212396	1.244210	1.151636
0.400000	0.262570	0.204866	1.826467	1.806492	0.255248	0.205615	1.267651	1.227815
0.410000	0.252616	0.210881	1.830212	1.808240	0.248464	0.212959	1.183529	1.152714
0.420000	0.246126	0.206168	1.841948	1.801748	0.243722	0.205831	1.167754	1.158246
0.430000	0.246111	0.198623	1.835456	1.816479	0.236526	0.199171	1.226271	1.175276
0.440000	0.246659	0.212500	1.842197	1.827216	0.236234	0.212017	1.151309	1.105160
0.450000	0.239784	0.192901	1.847690	1.829963	0.233062	0.193919	1.231118	1.190324
0.460000	0.239777	0.198216	1.852434	1.824220	0.237000	0.194131	1.191253	1.202226
0.470000	0.233404	0.210314	1.868664	1.812984	0.228593	0.207947	1.076721	1.066530
0.480000	0.233592	0.202051	1.885643	1.821973	0.232099	0.202235	1.117065	1.108918
0.490000	0.225229	0.189624	1.889388	1.877154	0.226810	0.190900	1.180073	1.180419
0.500000	0.218820	0.182005	1.896879	1.853933	0.214141	0.180501	1.175053	1.159508
0.510000	0.224818	0.192418	1.904370	1.843446	0.217123	0.190296	1.131007	1.104477
0.520000	0.215669	0.175157	1.916854	1.863670	0.216626	0.173740	1.197131	1.212246
0.530000	0.208330	0.157230	1.908365	1.901623	0.200933	0.156617	1.320323	1.278428
0.540000	0.214951	0.179489	1.911610	1.865169	0.210457	0.179077	1.168478	1.146683
0.550000	0.206696	0.177609	1.921348	1.871161	0.202324	0.177677	1.133372	1.108975
0.560000	0.206848	0.179606	1.937079	1.872909	0.209066	0.176101	1.113528	1.147870
0.570000	0.204429	0.166983	1.931835	1.897878	0.199716	0.161421	1.202727	1.215488
0.580000	0.201110	0.155667	1.948814	1.913109	0.198453	0.156502	1.268254	1.244825
0.590000	0.207097	0.175382	1.951311	1.884894	0.202936	0.173508	1.140640	1.129797
0.600000	0.196808	0.151016	1.960050	1.909114	0.196080	0.151237	1.269354	1.262821
0.610000	0.188832	0.149208	1.980275	1.932335	0.194111	0.151241	1.234921	1.252385
0.620000	0.194287	0.143005	1.985768	1.987016	0.189811	0.137615	1.359458	1.380157
0.630000	0.186723	0.153739	1.987516	1.950312	0.180957	0.151655	1.191809	1.170884
0.640000	0.185210	0.162216	1.983021	1.941074	0.183613	0.163957	1.117594	1.096200
0.650000	0.178493	0.136684	2.028714	1.979276	0.179277	0.134707	1.274055	1.298435
0.660000	0.181750	0.157449	2.009988	1.942821	0.181563	0.151411	1.115764	1.159075
0.670000	0.166372	0.161540	2.022222	1.948564	0.164320	0.163773	0.992395	0.966791
0.680000	0.176080	0.132291	2.037703	2.052934	0.178719	0.133355	1.340952	1.350191
0.690000	0.187481	0.151605	2.051186	1.959551	0.171228	0.150825	1.181396	1.084558
0.700000	0.169291	0.148453	2.081898	2.013983	0.171323	0.143612	1.103170	1.154041
0.710000	0.169145	0.155796	2.100125	2.041448	0.166976	0.154044	1.055347	1.053663
0.720000	0.165238	0.126617	2.101124	2.048190	0.159448	0.128468	1.272148	1.209878
0.730000	0.161538	0.122544	2.113858	2.112110	0.150738	0.121598	1.317119	1.238615
0.740000	0.158896	0.137130	2.152310	2.058177	0.163003	0.135829	1.108050	1.147574
0.750000	0.141328	0.119947	2.122597	2.101623	0.137290	0.125275	1.166613	1.085081
0.760000	0.146626	0.123178	2.152310	2.101373	0.146595	0.120706	1.162188	1.185738
0.770000	0.146495	0.121980	2.160050	2.182522	0.146937	0.127012	1.213472	1.168906
0.780000	0.147178	0.110897	2.198502	2.242197	0.146996	0.108587	1.353534	1.380627
0.790000	0.142317	0.121021	2.219725	2.182522	0.138710	0.114101	1.156255	1.195301
0.800000	0.134346	0.110376	2.219867	2.184519	0.139580	0.113810	1.197780	1.206901
0.810000	0.132411	0.097174	2.247446	2.224969	0.139871	0.099634	1.348981	1.389813
0.820000	0.122326	0.083892	2.249739	2.235456	0.131376	0.091240	1.448874	1.430758
0.830000	0.115369	0.097467	2.260972	2.278152	0.122758	0.090219	1.192668	1.371010
0.840000	0.111073	0.102834	2.283177	2.255431	0.111587	0.100996	1.066989	1.091432
0.850000	0.118520	0.102334	2.317659	2.245194	0.131804	0.105772	1.121957	1.207159
0.860000	0.099435	0.100535	2.347701	2.291885	0.114321	0.098361	0.965546	1.134629
0.870000	0.113010	0.088765	2.367989	2.390512	0.108157	0.091139	1.285247	1.198014
0.880000	0.094498	0.070574	2.458003	2.570037	0.086441	0.078156	1.400014	1.156408
0.890000	0.083488	0.076444	2.558960	2.566292	0.102934	0.070903	1.095262	1.455908
0.900000	0.075970	0.048022	2.592717	2.859040	0.078488	0.042749	1.744464	2.024607
0.910000	0.070037	0.059709	2.802241	2.884894	0.089109	0.050398	1.207567	1.820259
0.920000	0.056813	0.037937	2.976814	3.019152	0.069915	0.055882	1.518869	1.268909
0.930000	0.043942	0.039092	3.438422	3.487461	0.064250	0.035000	1.140101	1.861907
0.940000	0.004074	0.034603	3.866712	4.107563	0.008772	0.034384	0.125071	0.271008
0.950000	0.025926	0.004444	2.893836	2.722883	0.031579	0.012048	5.488730	2.466214
0.960000	0.000000	0.000000	2.367993	1.854029	0.000000	0.000000	0.000000	0.000000
0.970000	0.000000	0.000000	1.372222	1.140351	0.000000	0.000000	0.000000	0.000000
0.980000	0.000000	0.000000	1.500000	1.111111	0.000000	0.000000	0.000000	0.000000
