0.000000	4005	1.000000	1.000000	89.000000	1.000000	1.000000
0.010000	2788	0.696130	0.695772	61.955556	1.000000	1.303870
0.020000	2578	0.643695	0.643599	57.288889	1.000000	1.356305
0.030000	2367	0.591011	0.591414	52.600000	1.000000	1.408989
0.040000	2150	0.536829	0.538852	47.777778	1.000000	1.463171
0.050000	1944	0.485393	0.487177	43.200000	1.000000	1.514607
0.060000	1834	0.457928	0.459880	40.755556	1.000000	1.542072
0.070000	1737	0.433708	0.431312	38.600000	1.000000	1.566292
0.080000	1661	0.414732	0.416648	36.911111	1.000000	1.585268
0.090000	1530	0.382022	0.384081	34.000000	1.000000	1.617978
0.100000	1480	0.369538	0.370239	32.888889	1.000000	1.630462
0.110000	1434	0.358052	0.356244	31.866667	1.000000	1.641948
0.120000	1373	0.342821	0.343214	30.511111	1.000000	1.657179
0.130000	1301	0.324844	0.322647	28.911111	1.000000	1.675156
0.140000	1276	0.318602	0.321208	28.355556	1.000000	1.681648
0.150000	1248	0.311610	0.312552	27.733333	1.000000	1.688639
0.160000	1212	0.302622	0.312042	26.933333	1.000000	1.697628
0.170000	1180	0.294632	0.290537	26.222222	1.000000	1.705618
0.180000	1157	0.288889	0.278442	25.711111	1.000000	1.711361
0.190000	1133	0.282896	0.286705	25.177778	1.000000	1.717353
0.200000	1115	0.278402	0.279595	24.777778	1.000000	1.723596
0.210000	1096	0.273658	0.268723	24.355556	1.000000	1.726841
0.220000	1068	0.266667	0.269915	23.733333	1.000000	1.734082
0.230000	1050	0.262172	0.264720	23.333333	1.000000	1.740574
0.240000	1032	0.257678	0.256144	22.933333	1.000000	1.744070
0.250000	1018	0.254182	0.254521	22.622222	1.000000	1.747566
0.260000	995	0.248439	0.249172	22.111111	1.000000	1.754057
0.270000	988	0.246692	0.246089	21.955556	1.000000	1.757303
0.280000	977	0.243945	0.252043	21.711111	1.000000	1.760050
0.290000	963	0.240449	0.241342	21.400000	1.000000	1.762797
0.300000	949	0.236954	0.228983	21.088889	1.000000	1.766792
0.310000	941	0.234956	0.236201	20.911111	1.000000	1.772784
0.320000	932	0.232709	0.233074	20.711111	1.000000	1.771785
0.330000	918	0.229213	0.222553	20.400000	1.000000	1.777278
0.340000	902	0.225218	0.227165	20.044444	1.000000	1.778777
0.350000	887	0.221473	0.218279	19.711111	1.000000	1.788015
0.360000	885	0.220974	0.217858	19.666667	1.000000	1.790262
0.370000	873	0.217978	0.221978	19.400000	1.000000	1.795006
0.380000	857	0.213983	0.214842	19.044444	1.000000	1.800250
0.390000	849	0.211985	0.210666	18.866667	1.000000	1.802247
0.400000	842	0.210237	0.204521	18.711111	1.000000	1.801248
0.410000	831	0.207491	0.199611	18.466667	1.000000	1.803246
0.420000	819	0.204494	0.216255	18.200000	1.000000	1.815980
0.430000	812	0.202747	0.207030	18.044444	1.000000	1.818477
0.440000	804	0.200749	0.203948	17.866667	1.000000	1.822222
0.450000	799	0.199501	0.189712	17.755556	1.000000	1.822971
0.460000	787	0.196504	0.196124	17.488889	1.000000	1.825468
0.470000	772	0.192759	0.194178	17.155556	1.000000	1.838202
0.480000	757	0.189014	0.184208	16.822222	1.000000	1.839451
0.490000	744	0.185768	0.181228	16.533333	1.000000	1.854182
0.500000	739	0.184519	0.185030	16.422222	1.000000	1.856929
0.510000	731	0.182522	0.190944	16.244444	1.000000	1.860175
0.520000	723	0.180524	0.185367	16.066667	1.000000	1.860924
0.530000	715	0.178527	0.181201	15.888889	1.000000	1.863421
0.540000	707	0.176529	0.174103	15.711111	1.000000	1.876654
0.550000	695	0.173533	0.182907	15.444444	1.000000	1.886142
0.560000	687	0.171536	0.164260	15.266667	1.000000	1.884644
0.570000	680	0.169788	0.169357	15.111111	1.000000	1.887640
0.580000	671	0.167541	0.168301	14.911111	1.000000	1.899126
0.590000	664	0.165793	0.155794	14.755556	1.000000	1.896380
0.600000	651	0.162547	0.157603	14.466667	1.000000	1.913858
0.610000	639	0.159551	0.173703	14.200000	1.000000	1.935081
0.620000	628	0.156804	0.146993	13.955556	1.000000	1.936080
0.630000	619	0.154557	0.146467	13.755556	1.000000	1.937079
0.640000	612	0.152809	0.145682	13.600000	1.000000	1.956305
0.650000	600	0.149813	0.152704	13.333333	1.000000	1.964794
0.660000	592	0.147815	0.147724	13.155556	1.000000	1.963296
0.670000	586	0.146317	0.147088	13.022222	1.000000	1.976280
0.680000	572	0.142821	0.141542	12.711111	1.000000	1.997503
0.690000	560	0.139825	0.154285	12.444444	1.000000	2.008489
0.700000	546	0.136330	0.132977	12.133333	1.000000	2.027216
0.710000	534	0.133333	0.137530	11.866667	1.000000	2.034457
0.720000	526	0.131336	0.143890	11.688889	1.000000	2.057179
0.730000	514	0.128340	0.127720	11.422222	1.000000	2.066417
0.740000	509	0.127091	0.121272	11.311111	1.000000	2.077403
0.750000	502	0.125343	0.136584	11.155556	1.000000	2.101124
0.760000	485	0.121099	0.116004	10.777778	1.000000	2.104619
0.770000	474	0.118352	0.116353	10.533333	1.000000	2.132834
0.780000	458	0.114357	0.119139	10.177778	1.000000	2.168040
0.790000	444	0.110861	0.119127	9.866667	1.000000	2.187765
0.800000	437	0.109114	0.098111	9.711111	1.000000	2.204494
0.810000	424	0.105868	0.103099	9.422222	1.000000	2.226467
0.820000	413	0.103121	0.115311	9.177778	1.000000	2.250936
0.830000	402	0.100375	0.103469	8.933333	1.000000	2.290637
0.840000	390	0.097378	0.088727	8.666667	1.000000	2.303870
0.850000	384	0.095880	0.108977	8.533333	1.000000	2.312110
0.860000	365	0.091136	0.098097	8.111111	1.000000	2.371785
0.870000	335	0.083645	0.096165	7.444444	1.000000	2.435456
0.880000	310	0.077403	0.080105	6.888889	1.000000	2.508864
0.890000	285	0.071161	0.077540	6.333333	2.000000	2.594995
0.900000	261	0.065169	0.061852	5.800000	1.000000	2.693383
0.910000	230	0.057428	0.040265	5.111111	1.000000	2.915356
0.920000	198	0.049438	0.036755	4.400000	3.000000	3.108150
0.930000	162	0.040449	0.019656	3.600000	1.000000	3.679650
0.940000	125	0.031211	0.042222	2.777778	6.000000	2.580895
0.950000	95	0.023720	0.025185	2.111111	12.000000	2.110721
0.960000	62	0.015481	0.000000	1.377778	30.000000	1.979516
0.970000	26	0.006492	0.000000	0.577778	64.000000	1.164706
0.980000	5	0.001248	0.000000	0.111111	85.000000	1.083333
0.990000	0	0.000000	0.000000	0.000000	90.000000	0.
