0.050000	0.557269	0.488708	1.514607	1.513858	0.551744	0.487607	1.139726	1.130973
0.060000	0.535710	0.455930	1.542072	1.543321	0.521293	0.455981	1.175932	1.144159
0.070000	0.502470	0.441394	1.566292	1.557803	0.492019	0.440822	1.132202	1.110089
0.080000	0.480039	0.424037	1.585268	1.577278	0.472024	0.423918	1.126364	1.107869
0.090000	0.455894	0.390507	1.617978	1.612984	0.439300	0.389796	1.163840	1.123522
0.100000	0.437659	0.378418	1.630961	1.624969	0.431821	0.377735	1.152302	1.138984
0.110000	0.428310	0.363705	1.642197	1.635206	0.418908	0.364911	1.172618	1.143085
0.120000	0.407994	0.341403	1.657428	1.656429	0.402665	0.341619	1.194334	1.177986
0.130000	0.392763	0.320784	1.675905	1.682647	0.387594	0.319541	1.229309	1.217853
0.140000	0.381465	0.315215	1.682147	1.681149	0.372974	0.314678	1.209457	1.184553
0.150000	0.374126	0.312570	1.688889	1.689888	0.358683	0.311485	1.197641	1.152207
0.160000	0.366386	0.305507	1.698377	1.693633	0.355180	0.304680	1.195921	1.162491
0.170000	0.354386	0.292471	1.706617	1.710362	0.354153	0.291126	1.214355	1.219163
0.180000	0.355409	0.278313	1.713858	1.724594	0.345762	0.279359	1.285013	1.245450
0.190000	0.342760	0.291420	1.721099	1.706367	0.333702	0.292031	1.166104	1.132913
0.200000	0.328231	0.277148	1.725843	1.723845	0.327642	0.277708	1.182946	1.178443
0.210000	0.328779	0.269356	1.731086	1.734332	0.324141	0.266869	1.222900	1.216884
0.220000	0.320031	0.250170	1.737828	1.745568	0.313382	0.251889	1.284952	1.249671
0.230000	0.322361	0.267486	1.745568	1.734332	0.312531	0.267297	1.197394	1.161701
0.240000	0.309584	0.267395	1.751061	1.741074	0.299331	0.268670	1.151174	1.107767
0.250000	0.308318	0.267530	1.755556	1.732335	0.303245	0.266211	1.137218	1.124048
0.260000	0.296090	0.248367	1.764295	1.747316	0.290241	0.247438	1.180677	1.161697
0.270000	0.304533	0.251875	1.761548	1.749563	0.289723	0.251274	1.200841	1.145170
0.280000	0.287565	0.260042	1.769538	1.750312	0.289089	0.257831	1.093828	1.109051
0.290000	0.298023	0.241610	1.773533	1.758552	0.293354	0.240045	1.223069	1.211753
0.300000	0.285643	0.238207	1.774282	1.770037	0.280414	0.237313	1.196268	1.178796
0.310000	0.279147	0.236864	1.776280	1.772784	0.269891	0.237409	1.176193	1.134583
0.320000	0.288280	0.223094	1.784020	1.782772	0.280751	0.224869	1.291288	1.247638
0.330000	0.282826	0.223706	1.788015	1.788764	0.271637	0.224005	1.264802	1.213144
0.340000	0.273635	0.240186	1.797004	1.767541	0.265749	0.237750	1.120584	1.099439
0.350000	0.274028	0.219310	1.803995	1.790512	0.266646	0.215975	1.240162	1.225385
0.360000	0.261472	0.216579	1.799750	1.805743	0.253649	0.214299	1.211305	1.187561
0.370000	0.268511	0.213593	1.804994	1.788764	0.260834	0.216936	1.245815	1.191543
0.380000	0.266887	0.210767	1.827965	1.797503	0.258440	0.210123	1.245162	1.209450
0.390000	0.263822	0.216106	1.826467	1.804494	0.265313	0.214824	1.206110	1.220170
0.400000	0.241289	0.219726	1.827216	1.791760	0.244927	0.216912	1.076825	1.107241
0.410000	0.246536	0.220965	1.837953	1.785768	0.240766	0.220788	1.084044	1.059522
0.420000	0.247486	0.198893	1.842197	1.827216	0.249077	0.196810	1.234195	1.255275
0.430000	0.250915	0.211891	1.843695	1.810237	0.249093	0.212793	1.162684	1.149350
0.440000	0.243241	0.199781	1.843196	1.828464	0.245783	0.197419	1.207806	1.235031
0.450000	0.240693	0.209310	1.844944	1.823221	0.241192	0.210044	1.136397	1.134776
0.460000	0.247353	0.203517	1.852185	1.831960	0.244580	0.201636	1.202122	1.199737
0.470000	0.231703	0.195850	1.861174	1.823970	0.234625	0.192302	1.159413	1.195699
0.480000	0.232175	0.198840	1.887391	1.838452	0.233396	0.196483	1.137367	1.157064
0.490000	0.234981	0.180063	1.899625	1.845443	0.235277	0.179101	1.267771	1.276187
0.500000	0.226782	0.190417	1.899126	1.863670	0.227694	0.188978	1.168740	1.182372
0.510000	0.225155	0.179993	1.906617	1.883645	0.218509	0.176058	1.235839	1.226171
0.520000	0.223081	0.182174	1.906866	1.870162	0.219690	0.182786	1.200982	1.178764
0.530000	0.205410	0.178421	1.915356	1.879151	0.218541	0.177062	1.129502	1.210932
0.540000	0.226771	0.190651	1.931835	1.851935	0.228405	0.186012	1.140260	1.177123
0.550000	0.211176	0.152269	1.927840	1.905868	0.216831	0.150379	1.371057	1.425460
0.560000	0.211597	0.168458	1.927091	1.890387	0.211667	0.167195	1.232158	1.241878
0.570000	0.203141	0.174483	1.943071	1.860424	0.208758	0.175821	1.114728	1.136829
0.580000	0.201877	0.156045	1.943071	1.911361	0.206369	0.159733	1.272593	1.270878
0.590000	0.201945	0.160650	1.954307	1.909863	0.203773	0.159711	1.228457	1.246864
0.600000	0.206543	0.167327	1.972035	1.920849	0.201583	0.165347	1.202326	1.187512
0.610000	0.204756	0.165634	1.985268	1.919600	0.204627	0.163701	1.195308	1.208659
0.620000	0.195717	0.164885	1.993009	1.937328	0.196645	0.163208	1.153828	1.171212
0.630000	0.207616	0.168880	1.993758	1.933833	0.200745	0.166226	1.192419	1.171363
0.640000	0.182699	0.149941	2.012235	1.954307	0.189177	0.150510	1.183395	1.220724
0.650000	0.176253	0.155282	2.017228	1.974032	0.183027	0.154754	1.110741	1.157368
0.660000	0.169615	0.167986	2.009488	1.942821	0.172450	0.167642	0.976200	0.994553
0.670000	0.191448	0.143642	2.016230	1.975780	0.183652	0.145919	1.306077	1.233337
0.680000	0.176175	0.146667	2.035206	1.941074	0.174972	0.141255	1.145629	1.181405
0.690000	0.169120	0.139381	2.046692	1.990262	0.167337	0.137066	1.179912	1.187185
0.700000	0.160787	0.117916	2.074157	2.056679	0.169279	0.121484	1.352086	1.381682
0.710000	0.164444	0.127820	2.090886	2.000250	0.165691	0.129799	1.230761	1.221184
0.720000	0.143347	0.113916	2.104370	2.060674	0.155484	0.112610	1.232227	1.352055
0.730000	0.153440	0.128004	2.128340	2.065418	0.157652	0.127575	1.163276	1.199223
0.740000	0.154626	0.126005	2.132834	2.079151	0.150754	0.122214	1.196254	1.202471
0.750000	0.151546	0.123380	2.141323	2.122097	0.155724	0.125624	1.217261	1.228475
0.760000	0.161826	0.113907	2.158052	2.146567	0.164270	0.115028	1.413121	1.420485
0.770000	0.148193	0.116526	2.181523	2.197004	0.150190	0.120326	1.280775	1.257045
0.780000	0.145704	0.127608	2.208489	2.148564	0.144663	0.122574	1.110822	1.148182
0.790000	0.133385	0.114197	2.231710	2.157054	0.146175	0.109195	1.128957	1.293870
0.800000	0.138275	0.089256	2.225230	2.303870	0.131861	0.089127	1.603943	1.531757
0.810000	0.130353	0.090474	2.244893	2.214981	0.128158	0.094500	1.421589	1.338094
0.820000	0.117860	0.103970	2.237461	2.254182	0.114052	0.107383	1.142078	1.070047
0.830000	0.126378	0.100489	2.268548	2.293633	0.129578	0.097250	1.271546	1.347152
0.840000	0.106738	0.085505	2.307994	2.302372	0.116404	0.085393	1.245277	1.359838
0.850000	0.109035	0.108627	2.299896	2.310112	0.111080	0.103628	1.008215	1.076672
0.860000	0.104720	0.101516	2.355799	2.351810	0.118009	0.091099	1.029814	1.293188
0.870000	0.087142	0.082190	2.355130	2.353059	0.087400	0.077632	1.059317	1.124832
0.880000	0.102144	0.069787	2.477155	2.491136	0.108051	0.065037	1.471915	1.670755
0.890000	0.093248	0.077397	2.550205	2.584769	0.095475	0.071236	1.221133	1.358430
0.900000	0.081048	0.064295	2.643417	2.738077	0.087209	0.061427	1.305696	1.470570
0.910000	0.059973	0.056737	2.805602	2.886642	0.082254	0.052957	1.087559	1.598102
0.920000	0.084237	0.060459	2.444762	3.117853	0.117585	0.056667	1.776901	2.646319
0.930000	0.062319	0.049312	2.772516	3.390012	0.079077	0.053333	1.545237	1.812930
0.940000	0.046667	0.039788	2.424635	4.224806	0.052632	0.050992	2.043672	1.798494
0.950000	0.026296	0.003704	3.103189	2.457763	0.047368	0.014778	5.623285	2.538607
0.960000	0.043704	0.000000	1.958597	2.208355	0.102273	0.000000	0.000000	0.000000
0.970000	0.000000	0.000000	1.366667	1.160952	0.000000	0.000000	0.000000	0.000000
0.980000	0.000000	0.000000	1.500000	1.000000	0.000000	0.000000	0.000000	0.000000
0.990000	0.000000	0.000000	0.	0.	0.000000	0.000000	0.000000	0.000000
