node	r(thre.)	count
0	0.000000	1
1	0.000000	1
2	0.000000	1
3	0.000000	1
4	0.000000	1
5	0.000000	1
6	0.000000	1
7	0.000000	1
8	0.000000	1
9	0.000000	1
10	0.000000	1
11	0.000000	1
12	0.000000	1
13	0.000000	1
14	0.000000	1
15	0.000000	1
16	0.000000	1
17	0.000000	1
18	0.000000	1
19	0.000000	1
20	0.000000	1
21	0.000000	1
22	0.000000	1
23	0.000000	1
24	0.000000	1
25	0.000000	1
26	0.000000	1
27	0.000000	1
28	0.000000	1
29	0.000000	1
30	0.000000	1
31	0.000000	1
32	0.000000	1
33	0.000000	1
34	0.000000	1
35	0.000000	1
36	0.000000	1
37	0.000000	1
38	0.000000	1
39	0.000000	1
40	0.000000	1
41	0.000000	1
42	0.000000	1
43	0.000000	1
44	0.000000	1
45	0.000000	1
46	0.000000	1
47	0.000000	1
48	0.000000	1
49	0.000000	1
50	0.000000	1
51	0.000000	1
52	0.000000	1
53	0.000000	1
54	0.000000	1
55	0.000000	1
56	0.000000	1
57	0.000000	1
58	0.000000	1
59	0.000000	1
60	0.000000	1
61	0.000000	1
62	0.000000	1
63	0.000000	1

0	0.010000	1
1	0.010000	1
2	0.010000	1
3	0.010000	1
4	0.010000	1
5	0.010000	1
6	0.010000	1
7	0.010000	1
8	0.010000	1
9	0.010000	1
10	0.010000	1
11	0.010000	1
12	0.010000	1
13	0.010000	1
14	0.010000	1
15	0.010000	1
16	0.010000	1
17	0.010000	1
18	0.010000	1
19	0.010000	1
20	0.010000	1
21	0.010000	1
22	0.010000	1
23	0.010000	1
24	0.010000	1
25	0.010000	1
26	0.010000	1
27	0.010000	1
28	0.010000	1
29	0.010000	1
30	0.010000	1
31	0.010000	1
32	0.010000	1
33	0.010000	1
34	0.010000	1
35	0.010000	1
36	0.010000	1
37	0.010000	1
38	0.010000	1
39	0.010000	1
40	0.010000	1
41	0.010000	1
42	0.010000	1
43	0.010000	1
44	0.010000	1
45	0.010000	1
46	0.010000	1
47	0.010000	1
48	0.010000	1
49	0.010000	1
50	0.010000	1
51	0.010000	1
52	0.010000	1
53	0.010000	1
54	0.010000	1
55	0.010000	1
56	0.010000	1
57	0.010000	1
58	0.010000	1
59	0.010000	1
60	0.010000	1
61	0.010000	1
62	0.010000	1
63	0.010000	1

0	0.020000	1
1	0.020000	1
2	0.020000	1
3	0.020000	1
4	0.020000	1
5	0.020000	1
6	0.020000	1
7	0.020000	1
8	0.020000	1
9	0.020000	1
10	0.020000	1
11	0.020000	1
12	0.020000	1
13	0.020000	1
14	0.020000	1
15	0.020000	1
16	0.020000	1
17	0.020000	1
18	0.020000	1
19	0.020000	1
20	0.020000	1
21	0.020000	1
22	0.020000	1
23	0.020000	1
24	0.020000	1
25	0.020000	1
26	0.020000	1
27	0.020000	1
28	0.020000	1
29	0.020000	1
30	0.020000	1
31	0.020000	1
32	0.020000	1
33	0.020000	1
34	0.020000	1
35	0.020000	1
36	0.020000	1
37	0.020000	1
38	0.020000	1
39	0.020000	1
40	0.020000	1
41	0.020000	1
42	0.020000	1
43	0.020000	1
44	0.020000	1
45	0.020000	1
46	0.020000	1
47	0.020000	1
48	0.020000	1
49	0.020000	1
50	0.020000	1
51	0.020000	1
52	0.020000	1
53	0.020000	1
54	0.020000	1
55	0.020000	1
56	0.020000	1
57	0.020000	1
58	0.020000	1
59	0.020000	1
60	0.020000	1
61	0.020000	1
62	0.020000	1
63	0.020000	1

0	0.030000	1
1	0.030000	1
2	0.030000	1
3	0.030000	1
4	0.030000	1
5	0.030000	1
6	0.030000	1
7	0.030000	1
8	0.030000	1
9	0.030000	1
10	0.030000	1
11	0.030000	1
12	0.030000	1
13	0.030000	1
14	0.030000	1
15	0.030000	1
16	0.030000	1
17	0.030000	1
18	0.030000	1
19	0.030000	1
20	0.030000	1
21	0.030000	1
22	0.030000	1
23	0.030000	1
24	0.030000	1
25	0.030000	1
26	0.030000	1
27	0.030000	1
28	0.030000	1
29	0.030000	1
30	0.030000	1
31	0.030000	1
32	0.030000	1
33	0.030000	1
34	0.030000	1
35	0.030000	1
36	0.030000	1
37	0.030000	1
38	0.030000	1
39	0.030000	1
40	0.030000	1
41	0.030000	1
42	0.030000	1
43	0.030000	1
44	0.030000	1
45	0.030000	1
46	0.030000	1
47	0.030000	1
48	0.030000	1
49	0.030000	1
50	0.030000	1
51	0.030000	1
52	0.030000	1
53	0.030000	1
54	0.030000	1
55	0.030000	1
56	0.030000	1
57	0.030000	1
58	0.030000	1
59	0.030000	1
60	0.030000	1
61	0.030000	1
62	0.030000	1
63	0.030000	1

0	0.040000	1
1	0.040000	1
2	0.040000	1
3	0.040000	1
4	0.040000	1
5	0.040000	1
6	0.040000	1
7	0.040000	1
8	0.040000	1
9	0.040000	1
10	0.040000	1
11	0.040000	1
12	0.040000	1
13	0.040000	1
14	0.040000	1
15	0.040000	1
16	0.040000	1
17	0.040000	1
18	0.040000	1
19	0.040000	1
20	0.040000	1
21	0.040000	1
22	0.040000	1
23	0.040000	1
24	0.040000	1
25	0.040000	1
26	0.040000	1
27	0.040000	1
28	0.040000	1
29	0.040000	1
30	0.040000	1
31	0.040000	1
32	0.040000	1
33	0.040000	1
34	0.040000	1
35	0.040000	1
36	0.040000	1
37	0.040000	1
38	0.040000	1
39	0.040000	1
40	0.040000	1
41	0.040000	1
42	0.040000	1
43	0.040000	1
44	0.040000	1
45	0.040000	1
46	0.040000	1
47	0.040000	1
48	0.040000	1
49	0.040000	1
50	0.040000	1
51	0.040000	1
52	0.040000	1
53	0.040000	1
54	0.040000	1
55	0.040000	1
56	0.040000	1
57	0.040000	1
58	0.040000	1
59	0.040000	1
60	0.040000	1
61	0.040000	1
62	0.040000	1
63	0.040000	1

0	0.050000	1
1	0.050000	1
2	0.050000	1
3	0.050000	1
4	0.050000	1
5	0.050000	1
6	0.050000	1
7	0.050000	1
8	0.050000	1
9	0.050000	1
10	0.050000	1
11	0.050000	1
12	0.050000	1
13	0.050000	1
14	0.050000	1
15	0.050000	1
16	0.050000	1
17	0.050000	1
18	0.050000	1
19	0.050000	1
20	0.050000	1
21	0.050000	1
22	0.050000	1
23	0.050000	1
24	0.050000	1
25	0.050000	1
26	0.050000	1
27	0.050000	1
28	0.050000	1
29	0.050000	1
30	0.050000	1
31	0.050000	1
32	0.050000	1
33	0.050000	1
34	0.050000	1
35	0.050000	1
36	0.050000	1
37	0.050000	1
38	0.050000	1
39	0.050000	1
40	0.050000	1
41	0.050000	1
42	0.050000	1
43	0.050000	1
44	0.050000	1
45	0.050000	1
46	0.050000	1
47	0.050000	1
48	0.050000	1
49	0.050000	1
50	0.050000	1
51	0.050000	1
52	0.050000	1
53	0.050000	1
54	0.050000	1
55	0.050000	1
56	0.050000	1
57	0.050000	1
58	0.050000	1
59	0.050000	1
60	0.050000	1
61	0.050000	1
62	0.050000	1
63	0.050000	1

0	0.060000	1
1	0.060000	1
2	0.060000	1
3	0.060000	1
4	0.060000	1
5	0.060000	1
6	0.060000	1
7	0.060000	1
8	0.060000	1
9	0.060000	1
10	0.060000	1
11	0.060000	1
12	0.060000	1
13	0.060000	1
14	0.060000	1
15	0.060000	1
16	0.060000	1
17	0.060000	1
18	0.060000	1
19	0.060000	1
20	0.060000	1
21	0.060000	1
22	0.060000	1
23	0.060000	1
24	0.060000	1
25	0.060000	1
26	0.060000	1
27	0.060000	1
28	0.060000	1
29	0.060000	1
30	0.060000	1
31	0.060000	1
32	0.060000	1
33	0.060000	1
34	0.060000	1
35	0.060000	1
36	0.060000	1
37	0.060000	1
38	0.060000	1
39	0.060000	1
40	0.060000	1
41	0.060000	1
42	0.060000	1
43	0.060000	1
44	0.060000	1
45	0.060000	1
46	0.060000	1
47	0.060000	1
48	0.060000	1
49	0.060000	1
50	0.060000	1
51	0.060000	1
52	0.060000	1
53	0.060000	1
54	0.060000	1
55	0.060000	1
56	0.060000	1
57	0.060000	1
58	0.060000	1
59	0.060000	1
60	0.060000	1
61	0.060000	1
62	0.060000	1
63	0.060000	1

0	0.070000	1
1	0.070000	1
2	0.070000	1
3	0.070000	1
4	0.070000	1
5	0.070000	1
6	0.070000	1
7	0.070000	1
8	0.070000	1
9	0.070000	1
10	0.070000	1
11	0.070000	1
12	0.070000	1
13	0.070000	1
14	0.070000	1
15	0.070000	1
16	0.070000	1
17	0.070000	1
18	0.070000	1
19	0.070000	1
20	0.070000	1
21	0.070000	1
22	0.070000	1
23	0.070000	1
24	0.070000	1
25	0.070000	1
26	0.070000	1
27	0.070000	1
28	0.070000	1
29	0.070000	1
30	0.070000	1
31	0.070000	1
32	0.070000	1
33	0.070000	1
34	0.070000	1
35	0.070000	1
36	0.070000	1
37	0.070000	1
38	0.070000	1
39	0.070000	1
40	0.070000	1
41	0.070000	1
42	0.070000	1
43	0.070000	1
44	0.070000	1
45	0.070000	1
46	0.070000	1
47	0.070000	1
48	0.070000	1
49	0.070000	1
50	0.070000	1
51	0.070000	1
52	0.070000	1
53	0.070000	1
54	0.070000	1
55	0.070000	1
56	0.070000	1
57	0.070000	1
58	0.070000	1
59	0.070000	1
60	0.070000	1
61	0.070000	1
62	0.070000	1
63	0.070000	1

0	0.080000	1
1	0.080000	1
2	0.080000	1
3	0.080000	1
4	0.080000	1
5	0.080000	1
6	0.080000	1
7	0.080000	1
8	0.080000	1
9	0.080000	1
10	0.080000	1
11	0.080000	1
12	0.080000	1
13	0.080000	1
14	0.080000	1
15	0.080000	1
16	0.080000	1
17	0.080000	1
18	0.080000	1
19	0.080000	1
20	0.080000	1
21	0.080000	1
22	0.080000	1
23	0.080000	1
24	0.080000	1
25	0.080000	1
26	0.080000	1
27	0.080000	1
28	0.080000	1
29	0.080000	1
30	0.080000	1
31	0.080000	1
32	0.080000	1
33	0.080000	1
34	0.080000	1
35	0.080000	1
36	0.080000	1
37	0.080000	1
38	0.080000	1
39	0.080000	1
40	0.080000	1
41	0.080000	1
42	0.080000	1
43	0.080000	1
44	0.080000	1
45	0.080000	1
46	0.080000	1
47	0.080000	1
48	0.080000	1
49	0.080000	1
50	0.080000	1
51	0.080000	1
52	0.080000	1
53	0.080000	1
54	0.080000	1
55	0.080000	1
56	0.080000	1
57	0.080000	1
58	0.080000	1
59	0.080000	1
60	0.080000	1
61	0.080000	1
62	0.080000	1
63	0.080000	1

0	0.090000	1
1	0.090000	1
2	0.090000	1
3	0.090000	1
4	0.090000	1
5	0.090000	1
6	0.090000	1
7	0.090000	1
8	0.090000	1
9	0.090000	1
10	0.090000	1
11	0.090000	1
12	0.090000	1
13	0.090000	1
14	0.090000	1
15	0.090000	1
16	0.090000	1
17	0.090000	1
18	0.090000	1
19	0.090000	1
20	0.090000	1
21	0.090000	1
22	0.090000	1
23	0.090000	1
24	0.090000	1
25	0.090000	1
26	0.090000	1
27	0.090000	1
28	0.090000	1
29	0.090000	1
30	0.090000	1
31	0.090000	1
32	0.090000	1
33	0.090000	1
34	0.090000	1
35	0.090000	1
36	0.090000	1
37	0.090000	1
38	0.090000	1
39	0.090000	1
40	0.090000	1
41	0.090000	1
42	0.090000	1
43	0.090000	1
44	0.090000	1
45	0.090000	1
46	0.090000	1
47	0.090000	1
48	0.090000	1
49	0.090000	1
50	0.090000	1
51	0.090000	1
52	0.090000	1
53	0.090000	1
54	0.090000	1
55	0.090000	1
56	0.090000	1
57	0.090000	1
58	0.090000	1
59	0.090000	1
60	0.090000	1
61	0.090000	1
62	0.090000	1
63	0.090000	1

0	0.100000	1
1	0.100000	1
2	0.100000	1
3	0.100000	1
4	0.100000	1
5	0.100000	1
6	0.100000	1
7	0.100000	1
8	0.100000	1
9	0.100000	1
10	0.100000	1
11	0.100000	1
12	0.100000	1
13	0.100000	1
14	0.100000	1
15	0.100000	1
16	0.100000	1
17	0.100000	1
18	0.100000	1
19	0.100000	1
20	0.100000	1
21	0.100000	1
22	0.100000	1
23	0.100000	1
24	0.100000	1
25	0.100000	1
26	0.100000	1
27	0.100000	1
28	0.100000	1
29	0.100000	1
30	0.100000	1
31	0.100000	1
32	0.100000	1
33	0.100000	1
34	0.100000	1
35	0.100000	1
36	0.100000	1
37	0.100000	1
38	0.100000	1
39	0.100000	1
40	0.100000	1
41	0.100000	1
42	0.100000	1
43	0.100000	1
44	0.100000	1
45	0.100000	1
46	0.100000	1
47	0.100000	1
48	0.100000	1
49	0.100000	1
50	0.100000	1
51	0.100000	1
52	0.100000	1
53	0.100000	1
54	0.100000	1
55	0.100000	1
56	0.100000	1
57	0.100000	1
58	0.100000	1
59	0.100000	1
60	0.100000	1
61	0.100000	1
62	0.100000	1
63	0.100000	1

0	0.110000	1
1	0.110000	1
2	0.110000	1
3	0.110000	1
4	0.110000	1
5	0.110000	1
6	0.110000	1
7	0.110000	1
8	0.110000	1
9	0.110000	1
10	0.110000	1
11	0.110000	1
12	0.110000	1
13	0.110000	1
14	0.110000	1
15	0.110000	1
16	0.110000	1
17	0.110000	1
18	0.110000	1
19	0.110000	1
20	0.110000	1
21	0.110000	1
22	0.110000	1
23	0.110000	1
24	0.110000	1
25	0.110000	1
26	0.110000	1
27	0.110000	1
28	0.110000	1
29	0.110000	1
30	0.110000	1
31	0.110000	1
32	0.110000	1
33	0.110000	1
34	0.110000	1
35	0.110000	1
36	0.110000	1
37	0.110000	1
38	0.110000	1
39	0.110000	1
40	0.110000	1
41	0.110000	1
42	0.110000	1
43	0.110000	1
44	0.110000	1
45	0.110000	1
46	0.110000	1
47	0.110000	1
48	0.110000	1
49	0.110000	1
50	0.110000	1
51	0.110000	1
52	0.110000	1
53	0.110000	1
54	0.110000	1
55	0.110000	1
56	0.110000	1
57	0.110000	1
58	0.110000	1
59	0.110000	1
60	0.110000	1
61	0.110000	1
62	0.110000	1
63	0.110000	1

0	0.120000	1
1	0.120000	1
2	0.120000	1
3	0.120000	1
4	0.120000	1
5	0.120000	1
6	0.120000	1
7	0.120000	1
8	0.120000	1
9	0.120000	1
10	0.120000	1
11	0.120000	1
12	0.120000	1
13	0.120000	1
14	0.120000	1
15	0.120000	1
16	0.120000	1
17	0.120000	1
18	0.120000	1
19	0.120000	1
20	0.120000	1
21	0.120000	1
22	0.120000	1
23	0.120000	1
24	0.120000	1
25	0.120000	1
26	0.120000	1
27	0.120000	1
28	0.120000	1
29	0.120000	1
30	0.120000	1
31	0.120000	1
32	0.120000	1
33	0.120000	1
34	0.120000	1
35	0.120000	1
36	0.120000	1
37	0.120000	1
38	0.120000	1
39	0.120000	1
40	0.120000	1
41	0.120000	1
42	0.120000	1
43	0.120000	1
44	0.120000	1
45	0.120000	1
46	0.120000	1
47	0.120000	1
48	0.120000	1
49	0.120000	1
50	0.120000	1
51	0.120000	1
52	0.120000	1
53	0.120000	1
54	0.120000	1
55	0.120000	1
56	0.120000	1
57	0.120000	1
58	0.120000	1
59	0.120000	1
60	0.120000	1
61	0.120000	1
62	0.120000	1
63	0.120000	1

0	0.130000	1
1	0.130000	1
2	0.130000	1
3	0.130000	1
4	0.130000	1
5	0.130000	1
6	0.130000	1
7	0.130000	1
8	0.130000	1
9	0.130000	1
10	0.130000	1
11	0.130000	1
12	0.130000	1
13	0.130000	1
14	0.130000	1
15	0.130000	1
16	0.130000	1
17	0.130000	1
18	0.130000	1
19	0.130000	1
20	0.130000	1
21	0.130000	1
22	0.130000	1
23	0.130000	1
24	0.130000	1
25	0.130000	1
26	0.130000	1
27	0.130000	1
28	0.130000	1
29	0.130000	1
30	0.130000	1
31	0.130000	1
32	0.130000	1
33	0.130000	1
34	0.130000	1
35	0.130000	1
36	0.130000	1
37	0.130000	1
38	0.130000	1
39	0.130000	1
40	0.130000	1
41	0.130000	1
42	0.130000	1
43	0.130000	1
44	0.130000	1
45	0.130000	1
46	0.130000	1
47	0.130000	1
48	0.130000	1
49	0.130000	1
50	0.130000	1
51	0.130000	1
52	0.130000	1
53	0.130000	1
54	0.130000	1
55	0.130000	1
56	0.130000	1
57	0.130000	1
58	0.130000	1
59	0.130000	1
60	0.130000	1
61	0.130000	1
62	0.130000	1
63	0.130000	1

0	0.140000	1
1	0.140000	1
2	0.140000	1
3	0.140000	1
4	0.140000	1
5	0.140000	1
6	0.140000	1
7	0.140000	1
8	0.140000	1
9	0.140000	1
10	0.140000	1
11	0.140000	1
12	0.140000	1
13	0.140000	1
14	0.140000	1
15	0.140000	1
16	0.140000	1
17	0.140000	1
18	0.140000	1
19	0.140000	1
20	0.140000	1
21	0.140000	1
22	0.140000	1
23	0.140000	1
24	0.140000	1
25	0.140000	1
26	0.140000	1
27	0.140000	1
28	0.140000	1
29	0.140000	1
30	0.140000	1
31	0.140000	1
32	0.140000	1
33	0.140000	1
34	0.140000	1
35	0.140000	1
36	0.140000	1
37	0.140000	1
38	0.140000	1
39	0.140000	1
40	0.140000	1
41	0.140000	1
42	0.140000	1
43	0.140000	1
44	0.140000	1
45	0.140000	1
46	0.140000	1
47	0.140000	1
48	0.140000	1
49	0.140000	1
50	0.140000	1
51	0.140000	1
52	0.140000	1
53	0.140000	1
54	0.140000	1
55	0.140000	1
56	0.140000	1
57	0.140000	1
58	0.140000	1
59	0.140000	1
60	0.140000	1
61	0.140000	1
62	0.140000	1
63	0.140000	1

0	0.150000	1
1	0.150000	1
2	0.150000	1
3	0.150000	1
4	0.150000	1
5	0.150000	1
6	0.150000	1
7	0.150000	1
8	0.150000	1
9	0.150000	1
10	0.150000	1
11	0.150000	1
12	0.150000	1
13	0.150000	1
14	0.150000	1
15	0.150000	1
16	0.150000	1
17	0.150000	1
18	0.150000	1
19	0.150000	1
20	0.150000	1
21	0.150000	1
22	0.150000	1
23	0.150000	1
24	0.150000	1
25	0.150000	1
26	0.150000	1
27	0.150000	1
28	0.150000	1
29	0.150000	1
30	0.150000	1
31	0.150000	1
32	0.150000	1
33	0.150000	1
34	0.150000	1
35	0.150000	1
36	0.150000	1
37	0.150000	1
38	0.150000	1
39	0.150000	1
40	0.150000	1
41	0.150000	1
42	0.150000	1
43	0.150000	1
44	0.150000	1
45	0.150000	1
46	0.150000	1
47	0.150000	1
48	0.150000	1
49	0.150000	1
50	0.150000	1
51	0.150000	1
52	0.150000	1
53	0.150000	1
54	0.150000	1
55	0.150000	1
56	0.150000	1
57	0.150000	1
58	0.150000	1
59	0.150000	1
60	0.150000	1
61	0.150000	1
62	0.150000	1
63	0.150000	1

0	0.160000	1
1	0.160000	1
2	0.160000	1
3	0.160000	1
4	0.160000	1
5	0.160000	1
6	0.160000	1
7	0.160000	1
8	0.160000	1
9	0.160000	1
10	0.160000	1
11	0.160000	1
12	0.160000	1
13	0.160000	1
14	0.160000	1
15	0.160000	1
16	0.160000	1
17	0.160000	1
18	0.160000	1
19	0.160000	1
20	0.160000	1
21	0.160000	1
22	0.160000	1
23	0.160000	1
24	0.160000	1
25	0.160000	1
26	0.160000	1
27	0.160000	1
28	0.160000	1
29	0.160000	1
30	0.160000	1
31	0.160000	1
32	0.160000	1
33	0.160000	1
34	0.160000	1
35	0.160000	1
36	0.160000	1
37	0.160000	1
38	0.160000	1
39	0.160000	1
40	0.160000	1
41	0.160000	1
42	0.160000	1
43	0.160000	1
44	0.160000	1
45	0.160000	1
46	0.160000	1
47	0.160000	1
48	0.160000	1
49	0.160000	1
50	0.160000	1
51	0.160000	1
52	0.160000	1
53	0.160000	1
54	0.160000	1
55	0.160000	1
56	0.160000	1
57	0.160000	1
58	0.160000	1
59	0.160000	1
60	0.160000	1
61	0.160000	1
62	0.160000	1
63	0.160000	1

0	0.170000	1
1	0.170000	1
2	0.170000	1
3	0.170000	1
4	0.170000	1
5	0.170000	1
6	0.170000	1
7	0.170000	1
8	0.170000	1
9	0.170000	1
10	0.170000	1
11	0.170000	1
12	0.170000	1
13	0.170000	1
14	0.170000	1
15	0.170000	1
16	0.170000	1
17	0.170000	1
18	0.170000	1
19	0.170000	1
20	0.170000	1
21	0.170000	1
22	0.170000	1
23	0.170000	1
24	0.170000	1
25	0.170000	1
26	0.170000	1
27	0.170000	1
28	0.170000	1
29	0.170000	1
30	0.170000	1
31	0.170000	1
32	0.170000	1
33	0.170000	1
34	0.170000	1
35	0.170000	1
36	0.170000	1
37	0.170000	1
38	0.170000	1
39	0.170000	1
40	0.170000	1
41	0.170000	1
42	0.170000	1
43	0.170000	1
44	0.170000	1
45	0.170000	1
46	0.170000	1
47	0.170000	1
48	0.170000	1
49	0.170000	1
50	0.170000	1
51	0.170000	1
52	0.170000	1
53	0.170000	1
54	0.170000	1
55	0.170000	1
56	0.170000	1
57	0.170000	1
58	0.170000	1
59	0.170000	1
60	0.170000	1
61	0.170000	1
62	0.170000	1
63	0.170000	1

0	0.180000	1
1	0.180000	1
2	0.180000	1
3	0.180000	1
4	0.180000	1
5	0.180000	1
6	0.180000	1
7	0.180000	1
8	0.180000	1
9	0.180000	1
10	0.180000	1
11	0.180000	1
12	0.180000	1
13	0.180000	1
14	0.180000	1
15	0.180000	1
16	0.180000	1
17	0.180000	1
18	0.180000	1
19	0.180000	1
20	0.180000	1
21	0.180000	1
22	0.180000	1
23	0.180000	1
24	0.180000	1
25	0.180000	1
26	0.180000	1
27	0.180000	1
28	0.180000	1
29	0.180000	1
30	0.180000	1
31	0.180000	1
32	0.180000	1
33	0.180000	1
34	0.180000	1
35	0.180000	1
36	0.180000	1
37	0.180000	1
38	0.180000	1
39	0.180000	1
40	0.180000	1
41	0.180000	1
42	0.180000	1
43	0.180000	1
44	0.180000	1
45	0.180000	1
46	0.180000	1
47	0.180000	1
48	0.180000	1
49	0.180000	1
50	0.180000	1
51	0.180000	1
52	0.180000	1
53	0.180000	1
54	0.180000	1
55	0.180000	1
56	0.180000	1
57	0.180000	1
58	0.180000	1
59	0.180000	1
60	0.180000	1
61	0.180000	1
62	0.180000	1
63	0.180000	1

0	0.190000	1
1	0.190000	1
2	0.190000	1
3	0.190000	1
4	0.190000	1
5	0.190000	1
6	0.190000	1
7	0.190000	1
8	0.190000	1
9	0.190000	1
10	0.190000	1
11	0.190000	1
12	0.190000	1
13	0.190000	1
14	0.190000	1
15	0.190000	1
16	0.190000	1
17	0.190000	1
18	0.190000	1
19	0.190000	1
20	0.190000	1
21	0.190000	1
22	0.190000	1
23	0.190000	1
24	0.190000	1
25	0.190000	1
26	0.190000	1
27	0.190000	1
28	0.190000	1
29	0.190000	1
30	0.190000	1
31	0.190000	1
32	0.190000	1
33	0.190000	1
34	0.190000	1
35	0.190000	1
36	0.190000	1
37	0.190000	1
38	0.190000	1
39	0.190000	1
40	0.190000	1
41	0.190000	1
42	0.190000	1
43	0.190000	1
44	0.190000	1
45	0.190000	1
46	0.190000	1
47	0.190000	1
48	0.190000	1
49	0.190000	1
50	0.190000	1
51	0.190000	1
52	0.190000	1
53	0.190000	1
54	0.190000	1
55	0.190000	1
56	0.190000	1
57	0.190000	1
58	0.190000	1
59	0.190000	1
60	0.190000	1
61	0.190000	1
62	0.190000	1
63	0.190000	1

0	0.200000	1
1	0.200000	1
2	0.200000	1
3	0.200000	1
4	0.200000	1
5	0.200000	1
6	0.200000	1
7	0.200000	1
8	0.200000	1
9	0.200000	1
10	0.200000	1
11	0.200000	1
12	0.200000	1
13	0.200000	1
14	0.200000	1
15	0.200000	1
16	0.200000	1
17	0.200000	1
18	0.200000	1
19	0.200000	1
20	0.200000	1
21	0.200000	1
22	0.200000	1
23	0.200000	1
24	0.200000	1
25	0.200000	1
26	0.200000	1
27	0.200000	1
28	0.200000	1
29	0.200000	1
30	0.200000	1
31	0.200000	1
32	0.200000	1
33	0.200000	1
34	0.200000	1
35	0.200000	1
36	0.200000	1
37	0.200000	1
38	0.200000	1
39	0.200000	1
40	0.200000	1
41	0.200000	1
42	0.200000	1
43	0.200000	1
44	0.200000	1
45	0.200000	1
46	0.200000	1
47	0.200000	1
48	0.200000	1
49	0.200000	1
50	0.200000	1
51	0.200000	1
52	0.200000	1
53	0.200000	1
54	0.200000	1
55	0.200000	1
56	0.200000	1
57	0.200000	1
58	0.200000	1
59	0.200000	1
60	0.200000	1
61	0.200000	1
62	0.200000	1
63	0.200000	1

0	0.210000	1
1	0.210000	1
2	0.210000	1
3	0.210000	1
4	0.210000	1
5	0.210000	1
6	0.210000	1
7	0.210000	1
8	0.210000	1
9	0.210000	1
10	0.210000	1
11	0.210000	1
12	0.210000	1
13	0.210000	1
14	0.210000	1
15	0.210000	1
16	0.210000	1
17	0.210000	1
18	0.210000	1
19	0.210000	1
20	0.210000	1
21	0.210000	1
22	0.210000	1
23	0.210000	1
24	0.210000	1
25	0.210000	1
26	0.210000	1
27	0.210000	1
28	0.210000	1
29	0.210000	1
30	0.210000	1
31	0.210000	1
32	0.210000	1
33	0.210000	1
34	0.210000	1
35	0.210000	1
36	0.210000	1
37	0.210000	1
38	0.210000	1
39	0.210000	1
40	0.210000	1
41	0.210000	1
42	0.210000	1
43	0.210000	1
44	0.210000	1
45	0.210000	1
46	0.210000	1
47	0.210000	1
48	0.210000	1
49	0.210000	1
50	0.210000	1
51	0.210000	1
52	0.210000	1
53	0.210000	1
54	0.210000	1
55	0.210000	1
56	0.210000	1
57	0.210000	1
58	0.210000	1
59	0.210000	1
60	0.210000	1
61	0.210000	1
62	0.210000	1
63	0.210000	1

0	0.220000	1
1	0.220000	1
2	0.220000	1
3	0.220000	1
4	0.220000	1
5	0.220000	1
6	0.220000	1
7	0.220000	1
8	0.220000	1
9	0.220000	1
10	0.220000	1
11	0.220000	1
12	0.220000	1
13	0.220000	1
14	0.220000	1
15	0.220000	1
16	0.220000	1
17	0.220000	1
18	0.220000	1
19	0.220000	1
20	0.220000	1
21	0.220000	1
22	0.220000	1
23	0.220000	1
24	0.220000	1
25	0.220000	1
26	0.220000	1
27	0.220000	1
28	0.220000	1
29	0.220000	1
30	0.220000	1
31	0.220000	1
32	0.220000	1
33	0.220000	1
34	0.220000	1
35	0.220000	1
36	0.220000	1
37	0.220000	1
38	0.220000	1
39	0.220000	1
40	0.220000	1
41	0.220000	1
42	0.220000	1
43	0.220000	1
44	0.220000	1
45	0.220000	1
46	0.220000	1
47	0.220000	1
48	0.220000	1
49	0.220000	1
50	0.220000	1
51	0.220000	1
52	0.220000	1
53	0.220000	1
54	0.220000	1
55	0.220000	1
56	0.220000	1
57	0.220000	1
58	0.220000	1
59	0.220000	1
60	0.220000	1
61	0.220000	1
62	0.220000	1
63	0.220000	1

0	0.230000	1
1	0.230000	1
2	0.230000	1
3	0.230000	1
4	0.230000	1
5	0.230000	1
6	0.230000	1
7	0.230000	1
8	0.230000	1
9	0.230000	1
10	0.230000	1
11	0.230000	1
12	0.230000	1
13	0.230000	1
14	0.230000	1
15	0.230000	1
16	0.230000	1
17	0.230000	1
18	0.230000	1
19	0.230000	1
20	0.230000	1
21	0.230000	1
22	0.230000	1
23	0.230000	1
24	0.230000	1
25	0.230000	1
26	0.230000	1
27	0.230000	1
28	0.230000	1
29	0.230000	1
30	0.230000	1
31	0.230000	1
32	0.230000	1
33	0.230000	1
34	0.230000	1
35	0.230000	1
36	0.230000	1
37	0.230000	1
38	0.230000	1
39	0.230000	1
40	0.230000	1
41	0.230000	1
42	0.230000	1
43	0.230000	1
44	0.230000	1
45	0.230000	1
46	0.230000	1
47	0.230000	1
48	0.230000	1
49	0.230000	1
50	0.230000	1
51	0.230000	1
52	0.230000	1
53	0.230000	1
54	0.230000	1
55	0.230000	1
56	0.230000	1
57	0.230000	1
58	0.230000	1
59	0.230000	1
60	0.230000	1
61	0.230000	1
62	0.230000	1
63	0.230000	1

0	0.240000	1
1	0.240000	1
2	0.240000	1
3	0.240000	1
4	0.240000	1
5	0.240000	1
6	0.240000	1
7	0.240000	1
8	0.240000	1
9	0.240000	1
10	0.240000	1
11	0.240000	1
12	0.240000	1
13	0.240000	1
14	0.240000	1
15	0.240000	1
16	0.240000	1
17	0.240000	1
18	0.240000	1
19	0.240000	1
20	0.240000	1
21	0.240000	1
22	0.240000	1
23	0.240000	1
24	0.240000	1
25	0.240000	1
26	0.240000	1
27	0.240000	1
28	0.240000	1
29	0.240000	1
30	0.240000	1
31	0.240000	1
32	0.240000	1
33	0.240000	1
34	0.240000	1
35	0.240000	1
36	0.240000	1
37	0.240000	1
38	0.240000	1
39	0.240000	1
40	0.240000	1
41	0.240000	1
42	0.240000	1
43	0.240000	1
44	0.240000	1
45	0.240000	1
46	0.240000	1
47	0.240000	1
48	0.240000	1
49	0.240000	1
50	0.240000	1
51	0.240000	1
52	0.240000	1
53	0.240000	1
54	0.240000	1
55	0.240000	1
56	0.240000	1
57	0.240000	1
58	0.240000	1
59	0.240000	1
60	0.240000	1
61	0.240000	1
62	0.240000	1
63	0.240000	1

0	0.250000	1
1	0.250000	1
2	0.250000	1
3	0.250000	1
4	0.250000	1
5	0.250000	1
6	0.250000	1
7	0.250000	1
8	0.250000	1
9	0.250000	1
10	0.250000	1
11	0.250000	1
12	0.250000	1
13	0.250000	1
14	0.250000	1
15	0.250000	1
16	0.250000	1
17	0.250000	1
18	0.250000	1
19	0.250000	1
20	0.250000	1
21	0.250000	1
22	0.250000	1
23	0.250000	1
24	0.250000	1
25	0.250000	1
26	0.250000	1
27	0.250000	1
28	0.250000	1
29	0.250000	1
30	0.250000	1
31	0.250000	1
32	0.250000	1
33	0.250000	1
34	0.250000	1
35	0.250000	1
36	0.250000	1
37	0.250000	1
38	0.250000	1
39	0.250000	1
40	0.250000	1
41	0.250000	1
42	0.250000	1
43	0.250000	1
44	0.250000	1
45	0.250000	1
46	0.250000	1
47	0.250000	1
48	0.250000	1
49	0.250000	1
50	0.250000	1
51	0.250000	1
52	0.250000	1
53	0.250000	1
54	0.250000	1
55	0.250000	1
56	0.250000	1
57	0.250000	1
58	0.250000	1
59	0.250000	1
60	0.250000	1
61	0.250000	1
62	0.250000	1
63	0.250000	1

0	0.260000	1
1	0.260000	1
2	0.260000	1
3	0.260000	1
4	0.260000	1
5	0.260000	1
6	0.260000	1
7	0.260000	1
8	0.260000	1
9	0.260000	1
10	0.260000	1
11	0.260000	1
12	0.260000	1
13	0.260000	1
14	0.260000	1
15	0.260000	1
16	0.260000	1
17	0.260000	1
18	0.260000	1
19	0.260000	1
20	0.260000	1
21	0.260000	1
22	0.260000	1
23	0.260000	1
24	0.260000	1
25	0.260000	1
26	0.260000	1
27	0.260000	1
28	0.260000	1
29	0.260000	1
30	0.260000	1
31	0.260000	1
32	0.260000	1
33	0.260000	1
34	0.260000	1
35	0.260000	1
36	0.260000	1
37	0.260000	1
38	0.260000	1
39	0.260000	1
40	0.260000	1
41	0.260000	1
42	0.260000	1
43	0.260000	1
44	0.260000	1
45	0.260000	1
46	0.260000	1
47	0.260000	1
48	0.260000	1
49	0.260000	1
50	0.260000	1
51	0.260000	1
52	0.260000	1
53	0.260000	1
54	0.260000	1
55	0.260000	1
56	0.260000	1
57	0.260000	1
58	0.260000	1
59	0.260000	1
60	0.260000	1
61	0.260000	1
62	0.260000	1
63	0.260000	1

0	0.270000	1
1	0.270000	1
2	0.270000	1
3	0.270000	1
4	0.270000	1
5	0.270000	1
6	0.270000	1
7	0.270000	1
8	0.270000	1
9	0.270000	1
10	0.270000	1
11	0.270000	1
12	0.270000	1
13	0.270000	1
14	0.270000	1
15	0.270000	1
16	0.270000	1
17	0.270000	1
18	0.270000	1
19	0.270000	1
20	0.270000	1
21	0.270000	1
22	0.270000	1
23	0.270000	1
24	0.270000	1
25	0.270000	1
26	0.270000	1
27	0.270000	1
28	0.270000	1
29	0.270000	1
30	0.270000	1
31	0.270000	1
32	0.270000	1
33	0.270000	1
34	0.270000	1
35	0.270000	1
36	0.270000	1
37	0.270000	1
38	0.270000	1
39	0.270000	1
40	0.270000	1
41	0.270000	1
42	0.270000	1
43	0.270000	1
44	0.270000	1
45	0.270000	1
46	0.270000	1
47	0.270000	1
48	0.270000	1
49	0.270000	1
50	0.270000	1
51	0.270000	1
52	0.270000	1
53	0.270000	1
54	0.270000	1
55	0.270000	1
56	0.270000	1
57	0.270000	1
58	0.270000	1
59	0.270000	1
60	0.270000	1
61	0.270000	1
62	0.270000	1
63	0.270000	1

0	0.280000	1
1	0.280000	1
2	0.280000	1
3	0.280000	1
4	0.280000	1
5	0.280000	1
6	0.280000	1
7	0.280000	1
8	0.280000	1
9	0.280000	1
10	0.280000	1
11	0.280000	1
12	0.280000	1
13	0.280000	1
14	0.280000	1
15	0.280000	1
16	0.280000	1
17	0.280000	1
18	0.280000	1
19	0.280000	1
20	0.280000	1
21	0.280000	1
22	0.280000	1
23	0.280000	1
24	0.280000	1
25	0.280000	1
26	0.280000	1
27	0.280000	1
28	0.280000	1
29	0.280000	1
30	0.280000	1
31	0.280000	1
32	0.280000	1
33	0.280000	1
34	0.280000	1
35	0.280000	1
36	0.280000	1
37	0.280000	1
38	0.280000	1
39	0.280000	1
40	0.280000	1
41	0.280000	1
42	0.280000	1
43	0.280000	1
44	0.280000	1
45	0.280000	1
46	0.280000	1
47	0.280000	1
48	0.280000	1
49	0.280000	1
50	0.280000	1
51	0.280000	1
52	0.280000	1
53	0.280000	1
54	0.280000	1
55	0.280000	1
56	0.280000	1
57	0.280000	1
58	0.280000	1
59	0.280000	1
60	0.280000	1
61	0.280000	1
62	0.280000	1
63	0.280000	1

0	0.290000	1
1	0.290000	1
2	0.290000	1
3	0.290000	1
4	0.290000	1
5	0.290000	1
6	0.290000	1
7	0.290000	1
9	0.290000	1
10	0.290000	1
11	0.290000	1
12	0.290000	1
13	0.290000	1
14	0.290000	1
15	0.290000	1
16	0.290000	1
17	0.290000	1
18	0.290000	1
19	0.290000	1
20	0.290000	1
21	0.290000	1
22	0.290000	1
23	0.290000	1
24	0.290000	1
25	0.290000	1
26	0.290000	1
27	0.290000	1
28	0.290000	1
29	0.290000	1
30	0.290000	1
31	0.290000	1
32	0.290000	1
33	0.290000	1
34	0.290000	1
35	0.290000	1
36	0.290000	1
37	0.290000	1
38	0.290000	1
39	0.290000	1
40	0.290000	1
41	0.290000	1
43	0.290000	1
44	0.290000	1
45	0.290000	1
46	0.290000	1
47	0.290000	1
48	0.290000	1
49	0.290000	1
50	0.290000	1
51	0.290000	1
52	0.290000	1
53	0.290000	1
54	0.290000	1
55	0.290000	1
56	0.290000	1
57	0.290000	1
58	0.290000	1
59	0.290000	1
60	0.290000	1
61	0.290000	1
62	0.290000	1
63	0.290000	1
8	0.290000	2
42	0.290000	2

0	0.300000	1
1	0.300000	1
2	0.300000	1
3	0.300000	1
4	0.300000	1
5	0.300000	1
6	0.300000	1
7	0.300000	1
9	0.300000	1
10	0.300000	1
11	0.300000	1
12	0.300000	1
13	0.300000	1
14	0.300000	1
15	0.300000	1
16	0.300000	1
17	0.300000	1
18	0.300000	1
19	0.300000	1
20	0.300000	1
21	0.300000	1
22	0.300000	1
23	0.300000	1
24	0.300000	1
25	0.300000	1
26	0.300000	1
27	0.300000	1
28	0.300000	1
29	0.300000	1
30	0.300000	1
31	0.300000	1
32	0.300000	1
33	0.300000	1
34	0.300000	1
35	0.300000	1
36	0.300000	1
37	0.300000	1
38	0.300000	1
39	0.300000	1
40	0.300000	1
41	0.300000	1
43	0.300000	1
44	0.300000	1
45	0.300000	1
46	0.300000	1
47	0.300000	1
48	0.300000	1
49	0.300000	1
50	0.300000	1
51	0.300000	1
52	0.300000	1
53	0.300000	1
54	0.300000	1
55	0.300000	1
56	0.300000	1
57	0.300000	1
58	0.300000	1
59	0.300000	1
60	0.300000	1
61	0.300000	1
62	0.300000	1
63	0.300000	1
8	0.300000	2
42	0.300000	2

0	0.310000	1
1	0.310000	1
2	0.310000	1
3	0.310000	1
4	0.310000	1
5	0.310000	1
6	0.310000	1
7	0.310000	1
9	0.310000	1
10	0.310000	1
11	0.310000	1
12	0.310000	1
13	0.310000	1
14	0.310000	1
15	0.310000	1
16	0.310000	1
17	0.310000	1
18	0.310000	1
19	0.310000	1
20	0.310000	1
21	0.310000	1
22	0.310000	1
23	0.310000	1
24	0.310000	1
25	0.310000	1
26	0.310000	1
27	0.310000	1
28	0.310000	1
29	0.310000	1
30	0.310000	1
31	0.310000	1
32	0.310000	1
33	0.310000	1
34	0.310000	1
35	0.310000	1
36	0.310000	1
37	0.310000	1
38	0.310000	1
39	0.310000	1
40	0.310000	1
41	0.310000	1
43	0.310000	1
44	0.310000	1
45	0.310000	1
46	0.310000	1
47	0.310000	1
48	0.310000	1
49	0.310000	1
50	0.310000	1
51	0.310000	1
52	0.310000	1
53	0.310000	1
54	0.310000	1
55	0.310000	1
56	0.310000	1
57	0.310000	1
58	0.310000	1
59	0.310000	1
60	0.310000	1
61	0.310000	1
62	0.310000	1
63	0.310000	1
8	0.310000	2
42	0.310000	2

0	0.320000	1
1	0.320000	1
2	0.320000	1
3	0.320000	1
4	0.320000	1
5	0.320000	1
6	0.320000	1
7	0.320000	1
9	0.320000	1
10	0.320000	1
11	0.320000	1
12	0.320000	1
13	0.320000	1
14	0.320000	1
15	0.320000	1
16	0.320000	1
17	0.320000	1
18	0.320000	1
19	0.320000	1
20	0.320000	1
21	0.320000	1
22	0.320000	1
23	0.320000	1
24	0.320000	1
25	0.320000	1
26	0.320000	1
27	0.320000	1
28	0.320000	1
29	0.320000	1
30	0.320000	1
31	0.320000	1
32	0.320000	1
33	0.320000	1
34	0.320000	1
35	0.320000	1
36	0.320000	1
37	0.320000	1
38	0.320000	1
39	0.320000	1
40	0.320000	1
41	0.320000	1
43	0.320000	1
44	0.320000	1
45	0.320000	1
46	0.320000	1
47	0.320000	1
48	0.320000	1
49	0.320000	1
50	0.320000	1
51	0.320000	1
52	0.320000	1
53	0.320000	1
54	0.320000	1
55	0.320000	1
56	0.320000	1
57	0.320000	1
58	0.320000	1
59	0.320000	1
60	0.320000	1
61	0.320000	1
62	0.320000	1
63	0.320000	1
8	0.320000	2
42	0.320000	2

0	0.330000	1
1	0.330000	1
2	0.330000	1
3	0.330000	1
4	0.330000	1
5	0.330000	1
6	0.330000	1
7	0.330000	1
9	0.330000	1
10	0.330000	1
11	0.330000	1
12	0.330000	1
13	0.330000	1
14	0.330000	1
15	0.330000	1
16	0.330000	1
17	0.330000	1
18	0.330000	1
19	0.330000	1
20	0.330000	1
21	0.330000	1
22	0.330000	1
23	0.330000	1
24	0.330000	1
25	0.330000	1
26	0.330000	1
27	0.330000	1
28	0.330000	1
29	0.330000	1
30	0.330000	1
31	0.330000	1
32	0.330000	1
33	0.330000	1
34	0.330000	1
35	0.330000	1
36	0.330000	1
37	0.330000	1
38	0.330000	1
39	0.330000	1
40	0.330000	1
41	0.330000	1
43	0.330000	1
44	0.330000	1
45	0.330000	1
46	0.330000	1
47	0.330000	1
48	0.330000	1
49	0.330000	1
50	0.330000	1
51	0.330000	1
52	0.330000	1
53	0.330000	1
54	0.330000	1
55	0.330000	1
56	0.330000	1
57	0.330000	1
58	0.330000	1
59	0.330000	1
60	0.330000	1
61	0.330000	1
62	0.330000	1
63	0.330000	1
8	0.330000	2
42	0.330000	2

0	0.340000	1
1	0.340000	1
2	0.340000	1
3	0.340000	1
4	0.340000	1
5	0.340000	1
6	0.340000	1
7	0.340000	1
9	0.340000	1
10	0.340000	1
11	0.340000	1
12	0.340000	1
13	0.340000	1
14	0.340000	1
15	0.340000	1
16	0.340000	1
17	0.340000	1
18	0.340000	1
19	0.340000	1
20	0.340000	1
21	0.340000	1
22	0.340000	1
23	0.340000	1
24	0.340000	1
25	0.340000	1
26	0.340000	1
27	0.340000	1
28	0.340000	1
29	0.340000	1
30	0.340000	1
31	0.340000	1
32	0.340000	1
33	0.340000	1
34	0.340000	1
35	0.340000	1
36	0.340000	1
37	0.340000	1
38	0.340000	1
39	0.340000	1
40	0.340000	1
41	0.340000	1
43	0.340000	1
44	0.340000	1
45	0.340000	1
46	0.340000	1
47	0.340000	1
48	0.340000	1
49	0.340000	1
50	0.340000	1
51	0.340000	1
52	0.340000	1
53	0.340000	1
54	0.340000	1
55	0.340000	1
56	0.340000	1
57	0.340000	1
58	0.340000	1
59	0.340000	1
60	0.340000	1
61	0.340000	1
62	0.340000	1
63	0.340000	1
8	0.340000	2
42	0.340000	2

0	0.350000	1
1	0.350000	1
2	0.350000	1
3	0.350000	1
4	0.350000	1
5	0.350000	1
6	0.350000	1
7	0.350000	1
9	0.350000	1
10	0.350000	1
11	0.350000	1
12	0.350000	1
13	0.350000	1
14	0.350000	1
15	0.350000	1
16	0.350000	1
17	0.350000	1
18	0.350000	1
19	0.350000	1
20	0.350000	1
21	0.350000	1
22	0.350000	1
23	0.350000	1
24	0.350000	1
25	0.350000	1
26	0.350000	1
27	0.350000	1
28	0.350000	1
29	0.350000	1
30	0.350000	1
32	0.350000	1
33	0.350000	1
34	0.350000	1
35	0.350000	1
36	0.350000	1
37	0.350000	1
38	0.350000	1
39	0.350000	1
40	0.350000	1
41	0.350000	1
43	0.350000	1
44	0.350000	1
45	0.350000	1
46	0.350000	1
47	0.350000	1
48	0.350000	1
49	0.350000	1
50	0.350000	1
51	0.350000	1
52	0.350000	1
53	0.350000	1
54	0.350000	1
55	0.350000	1
56	0.350000	1
57	0.350000	1
58	0.350000	1
59	0.350000	1
60	0.350000	1
61	0.350000	1
62	0.350000	1
63	0.350000	1
8	0.350000	2
42	0.350000	2
31	0.350000	3

0	0.360000	1
1	0.360000	1
2	0.360000	1
3	0.360000	1
4	0.360000	1
5	0.360000	1
6	0.360000	1
7	0.360000	1
9	0.360000	1
10	0.360000	1
11	0.360000	1
12	0.360000	1
13	0.360000	1
14	0.360000	1
15	0.360000	1
16	0.360000	1
17	0.360000	1
18	0.360000	1
19	0.360000	1
20	0.360000	1
21	0.360000	1
22	0.360000	1
23	0.360000	1
24	0.360000	1
25	0.360000	1
26	0.360000	1
27	0.360000	1
28	0.360000	1
29	0.360000	1
30	0.360000	1
32	0.360000	1
33	0.360000	1
34	0.360000	1
35	0.360000	1
36	0.360000	1
37	0.360000	1
38	0.360000	1
39	0.360000	1
40	0.360000	1
41	0.360000	1
43	0.360000	1
44	0.360000	1
45	0.360000	1
46	0.360000	1
47	0.360000	1
48	0.360000	1
49	0.360000	1
50	0.360000	1
51	0.360000	1
52	0.360000	1
53	0.360000	1
54	0.360000	1
55	0.360000	1
56	0.360000	1
57	0.360000	1
58	0.360000	1
59	0.360000	1
60	0.360000	1
61	0.360000	1
62	0.360000	1
63	0.360000	1
8	0.360000	2
42	0.360000	2
31	0.360000	3

0	0.370000	1
1	0.370000	1
2	0.370000	1
3	0.370000	1
4	0.370000	1
5	0.370000	1
6	0.370000	1
7	0.370000	1
9	0.370000	1
10	0.370000	1
11	0.370000	1
12	0.370000	1
13	0.370000	1
14	0.370000	1
15	0.370000	1
16	0.370000	1
17	0.370000	1
18	0.370000	1
19	0.370000	1
20	0.370000	1
21	0.370000	1
22	0.370000	1
23	0.370000	1
24	0.370000	1
25	0.370000	1
26	0.370000	1
27	0.370000	1
28	0.370000	1
29	0.370000	1
30	0.370000	1
32	0.370000	1
33	0.370000	1
34	0.370000	1
35	0.370000	1
36	0.370000	1
37	0.370000	1
38	0.370000	1
39	0.370000	1
40	0.370000	1
41	0.370000	1
43	0.370000	1
44	0.370000	1
45	0.370000	1
46	0.370000	1
47	0.370000	1
48	0.370000	1
49	0.370000	1
50	0.370000	1
51	0.370000	1
52	0.370000	1
53	0.370000	1
54	0.370000	1
55	0.370000	1
56	0.370000	1
57	0.370000	1
58	0.370000	1
59	0.370000	1
60	0.370000	1
61	0.370000	1
62	0.370000	1
63	0.370000	1
8	0.370000	2
42	0.370000	2
31	0.370000	3

0	0.380000	1
1	0.380000	1
2	0.380000	1
3	0.380000	1
4	0.380000	1
5	0.380000	1
6	0.380000	1
7	0.380000	1
9	0.380000	1
10	0.380000	1
11	0.380000	1
12	0.380000	1
13	0.380000	1
14	0.380000	1
15	0.380000	1
16	0.380000	1
17	0.380000	1
18	0.380000	1
19	0.380000	1
20	0.380000	1
21	0.380000	1
22	0.380000	1
23	0.380000	1
24	0.380000	1
25	0.380000	1
26	0.380000	1
27	0.380000	1
28	0.380000	1
29	0.380000	1
30	0.380000	1
32	0.380000	1
33	0.380000	1
34	0.380000	1
35	0.380000	1
36	0.380000	1
37	0.380000	1
38	0.380000	1
39	0.380000	1
40	0.380000	1
41	0.380000	1
43	0.380000	1
44	0.380000	1
45	0.380000	1
46	0.380000	1
47	0.380000	1
48	0.380000	1
49	0.380000	1
50	0.380000	1
51	0.380000	1
52	0.380000	1
53	0.380000	1
54	0.380000	1
55	0.380000	1
56	0.380000	1
57	0.380000	1
58	0.380000	1
59	0.380000	1
60	0.380000	1
61	0.380000	1
62	0.380000	1
63	0.380000	1
8	0.380000	2
42	0.380000	2
31	0.380000	3

0	0.390000	1
1	0.390000	1
2	0.390000	1
3	0.390000	1
4	0.390000	1
5	0.390000	1
6	0.390000	1
7	0.390000	1
9	0.390000	1
10	0.390000	1
11	0.390000	1
12	0.390000	1
13	0.390000	1
14	0.390000	1
15	0.390000	1
16	0.390000	1
17	0.390000	1
18	0.390000	1
19	0.390000	1
20	0.390000	1
21	0.390000	1
22	0.390000	1
23	0.390000	1
24	0.390000	1
25	0.390000	1
26	0.390000	1
27	0.390000	1
28	0.390000	1
29	0.390000	1
30	0.390000	1
32	0.390000	1
33	0.390000	1
34	0.390000	1
35	0.390000	1
36	0.390000	1
37	0.390000	1
38	0.390000	1
39	0.390000	1
40	0.390000	1
41	0.390000	1
43	0.390000	1
44	0.390000	1
45	0.390000	1
46	0.390000	1
47	0.390000	1
48	0.390000	1
49	0.390000	1
50	0.390000	1
51	0.390000	1
52	0.390000	1
53	0.390000	1
54	0.390000	1
55	0.390000	1
56	0.390000	1
57	0.390000	1
58	0.390000	1
59	0.390000	1
60	0.390000	1
61	0.390000	1
62	0.390000	1
63	0.390000	1
8	0.390000	2
42	0.390000	2
31	0.390000	3

0	0.400000	1
1	0.400000	1
2	0.400000	1
3	0.400000	1
4	0.400000	1
6	0.400000	1
7	0.400000	1
9	0.400000	1
10	0.400000	1
11	0.400000	1
12	0.400000	1
13	0.400000	1
14	0.400000	1
15	0.400000	1
16	0.400000	1
17	0.400000	1
18	0.400000	1
19	0.400000	1
20	0.400000	1
21	0.400000	1
22	0.400000	1
23	0.400000	1
24	0.400000	1
25	0.400000	1
26	0.400000	1
27	0.400000	1
28	0.400000	1
29	0.400000	1
30	0.400000	1
32	0.400000	1
33	0.400000	1
34	0.400000	1
35	0.400000	1
36	0.400000	1
37	0.400000	1
38	0.400000	1
40	0.400000	1
41	0.400000	1
43	0.400000	1
44	0.400000	1
45	0.400000	1
46	0.400000	1
47	0.400000	1
48	0.400000	1
49	0.400000	1
50	0.400000	1
51	0.400000	1
52	0.400000	1
53	0.400000	1
54	0.400000	1
55	0.400000	1
56	0.400000	1
57	0.400000	1
58	0.400000	1
59	0.400000	1
60	0.400000	1
61	0.400000	1
62	0.400000	1
63	0.400000	1
5	0.400000	2
39	0.400000	2
8	0.400000	3
42	0.400000	3
31	0.400000	4

0	0.410000	1
1	0.410000	1
2	0.410000	1
3	0.410000	1
4	0.410000	1
6	0.410000	1
7	0.410000	1
9	0.410000	1
10	0.410000	1
11	0.410000	1
12	0.410000	1
13	0.410000	1
14	0.410000	1
15	0.410000	1
16	0.410000	1
17	0.410000	1
18	0.410000	1
19	0.410000	1
20	0.410000	1
21	0.410000	1
22	0.410000	1
23	0.410000	1
24	0.410000	1
25	0.410000	1
26	0.410000	1
27	0.410000	1
28	0.410000	1
29	0.410000	1
30	0.410000	1
32	0.410000	1
33	0.410000	1
34	0.410000	1
35	0.410000	1
36	0.410000	1
37	0.410000	1
38	0.410000	1
40	0.410000	1
41	0.410000	1
43	0.410000	1
44	0.410000	1
45	0.410000	1
46	0.410000	1
47	0.410000	1
48	0.410000	1
49	0.410000	1
50	0.410000	1
51	0.410000	1
52	0.410000	1
53	0.410000	1
54	0.410000	1
55	0.410000	1
56	0.410000	1
57	0.410000	1
58	0.410000	1
59	0.410000	1
60	0.410000	1
61	0.410000	1
62	0.410000	1
63	0.410000	1
5	0.410000	2
39	0.410000	2
8	0.410000	3
42	0.410000	3
31	0.410000	4

0	0.420000	1
1	0.420000	1
2	0.420000	1
3	0.420000	1
4	0.420000	1
6	0.420000	1
7	0.420000	1
9	0.420000	1
10	0.420000	1
11	0.420000	1
12	0.420000	1
13	0.420000	1
14	0.420000	1
15	0.420000	1
16	0.420000	1
17	0.420000	1
18	0.420000	1
19	0.420000	1
20	0.420000	1
21	0.420000	1
22	0.420000	1
23	0.420000	1
24	0.420000	1
25	0.420000	1
26	0.420000	1
27	0.420000	1
28	0.420000	1
29	0.420000	1
30	0.420000	1
32	0.420000	1
33	0.420000	1
34	0.420000	1
35	0.420000	1
36	0.420000	1
37	0.420000	1
38	0.420000	1
40	0.420000	1
41	0.420000	1
43	0.420000	1
44	0.420000	1
45	0.420000	1
46	0.420000	1
47	0.420000	1
48	0.420000	1
49	0.420000	1
50	0.420000	1
51	0.420000	1
52	0.420000	1
53	0.420000	1
54	0.420000	1
55	0.420000	1
56	0.420000	1
57	0.420000	1
58	0.420000	1
59	0.420000	1
60	0.420000	1
61	0.420000	1
62	0.420000	1
63	0.420000	1
5	0.420000	2
39	0.420000	2
8	0.420000	3
42	0.420000	3
31	0.420000	4

0	0.430000	1
1	0.430000	1
2	0.430000	1
3	0.430000	1
4	0.430000	1
6	0.430000	1
7	0.430000	1
9	0.430000	1
10	0.430000	1
11	0.430000	1
12	0.430000	1
13	0.430000	1
14	0.430000	1
15	0.430000	1
16	0.430000	1
17	0.430000	1
18	0.430000	1
19	0.430000	1
20	0.430000	1
21	0.430000	1
22	0.430000	1
23	0.430000	1
24	0.430000	1
25	0.430000	1
26	0.430000	1
27	0.430000	1
28	0.430000	1
29	0.430000	1
30	0.430000	1
32	0.430000	1
33	0.430000	1
34	0.430000	1
35	0.430000	1
36	0.430000	1
37	0.430000	1
38	0.430000	1
40	0.430000	1
41	0.430000	1
43	0.430000	1
44	0.430000	1
45	0.430000	1
46	0.430000	1
47	0.430000	1
48	0.430000	1
49	0.430000	1
50	0.430000	1
51	0.430000	1
52	0.430000	1
53	0.430000	1
54	0.430000	1
55	0.430000	1
56	0.430000	1
57	0.430000	1
58	0.430000	1
59	0.430000	1
60	0.430000	1
61	0.430000	1
62	0.430000	1
63	0.430000	1
5	0.430000	2
39	0.430000	2
8	0.430000	3
42	0.430000	3
31	0.430000	4

0	0.440000	1
1	0.440000	1
2	0.440000	1
3	0.440000	1
4	0.440000	1
6	0.440000	1
7	0.440000	1
9	0.440000	1
10	0.440000	1
11	0.440000	1
12	0.440000	1
13	0.440000	1
14	0.440000	1
15	0.440000	1
16	0.440000	1
17	0.440000	1
18	0.440000	1
19	0.440000	1
20	0.440000	1
21	0.440000	1
22	0.440000	1
23	0.440000	1
24	0.440000	1
25	0.440000	1
26	0.440000	1
27	0.440000	1
28	0.440000	1
29	0.440000	1
30	0.440000	1
32	0.440000	1
33	0.440000	1
34	0.440000	1
35	0.440000	1
36	0.440000	1
37	0.440000	1
38	0.440000	1
40	0.440000	1
41	0.440000	1
43	0.440000	1
44	0.440000	1
45	0.440000	1
46	0.440000	1
47	0.440000	1
48	0.440000	1
49	0.440000	1
50	0.440000	1
51	0.440000	1
52	0.440000	1
53	0.440000	1
54	0.440000	1
55	0.440000	1
56	0.440000	1
57	0.440000	1
58	0.440000	1
59	0.440000	1
60	0.440000	1
61	0.440000	1
62	0.440000	1
63	0.440000	1
5	0.440000	2
39	0.440000	2
8	0.440000	3
42	0.440000	3
31	0.440000	4

0	0.450000	1
1	0.450000	1
2	0.450000	1
3	0.450000	1
6	0.450000	1
7	0.450000	1
9	0.450000	1
10	0.450000	1
11	0.450000	1
12	0.450000	1
13	0.450000	1
14	0.450000	1
15	0.450000	1
16	0.450000	1
17	0.450000	1
18	0.450000	1
19	0.450000	1
20	0.450000	1
21	0.450000	1
22	0.450000	1
23	0.450000	1
24	0.450000	1
25	0.450000	1
26	0.450000	1
27	0.450000	1
28	0.450000	1
29	0.450000	1
30	0.450000	1
32	0.450000	1
33	0.450000	1
34	0.450000	1
35	0.450000	1
36	0.450000	1
37	0.450000	1
40	0.450000	1
41	0.450000	1
43	0.450000	1
44	0.450000	1
45	0.450000	1
46	0.450000	1
47	0.450000	1
48	0.450000	1
49	0.450000	1
50	0.450000	1
51	0.450000	1
52	0.450000	1
53	0.450000	1
54	0.450000	1
55	0.450000	1
56	0.450000	1
57	0.450000	1
58	0.450000	1
59	0.450000	1
60	0.450000	1
61	0.450000	1
62	0.450000	1
63	0.450000	1
4	0.450000	2
38	0.450000	2
5	0.450000	3
39	0.450000	3
8	0.450000	4
31	0.450000	5
42	0.450000	6

0	0.460000	1
1	0.460000	1
2	0.460000	1
3	0.460000	1
6	0.460000	1
7	0.460000	1
10	0.460000	1
11	0.460000	1
12	0.460000	1
13	0.460000	1
14	0.460000	1
15	0.460000	1
17	0.460000	1
19	0.460000	1
20	0.460000	1
22	0.460000	1
23	0.460000	1
24	0.460000	1
25	0.460000	1
26	0.460000	1
27	0.460000	1
28	0.460000	1
29	0.460000	1
30	0.460000	1
32	0.460000	1
33	0.460000	1
34	0.460000	1
35	0.460000	1
36	0.460000	1
37	0.460000	1
40	0.460000	1
41	0.460000	1
44	0.460000	1
45	0.460000	1
46	0.460000	1
47	0.460000	1
48	0.460000	1
49	0.460000	1
51	0.460000	1
53	0.460000	1
54	0.460000	1
56	0.460000	1
57	0.460000	1
58	0.460000	1
59	0.460000	1
60	0.460000	1
61	0.460000	1
62	0.460000	1
63	0.460000	1
9	0.460000	2
43	0.460000	2
16	0.460000	2
50	0.460000	2
21	0.460000	2
55	0.460000	2
4	0.460000	3
38	0.460000	3
5	0.460000	4
39	0.460000	4
18	0.460000	5
52	0.460000	5
8	0.460000	6
31	0.460000	7
42	0.460000	8

0	0.470000	1
1	0.470000	1
2	0.470000	1
3	0.470000	1
6	0.470000	1
7	0.470000	1
10	0.470000	1
11	0.470000	1
12	0.470000	1
13	0.470000	1
14	0.470000	1
15	0.470000	1
17	0.470000	1
19	0.470000	1
20	0.470000	1
22	0.470000	1
24	0.470000	1
26	0.470000	1
27	0.470000	1
28	0.470000	1
29	0.470000	1
30	0.470000	1
32	0.470000	1
33	0.470000	1
34	0.470000	1
35	0.470000	1
36	0.470000	1
37	0.470000	1
40	0.470000	1
41	0.470000	1
44	0.470000	1
45	0.470000	1
46	0.470000	1
47	0.470000	1
48	0.470000	1
49	0.470000	1
51	0.470000	1
53	0.470000	1
54	0.470000	1
56	0.470000	1
58	0.470000	1
60	0.470000	1
61	0.470000	1
62	0.470000	1
63	0.470000	1
9	0.470000	2
43	0.470000	2
16	0.470000	2
50	0.470000	2
21	0.470000	2
55	0.470000	2
4	0.470000	3
38	0.470000	3
5	0.470000	4
39	0.470000	4
18	0.470000	5
52	0.470000	5
57	0.470000	6
23	0.470000	6
25	0.470000	7
59	0.470000	7
8	0.470000	8
31	0.470000	9
42	0.470000	10

0	0.480000	1
1	0.480000	1
2	0.480000	1
3	0.480000	1
6	0.480000	1
7	0.480000	1
10	0.480000	1
11	0.480000	1
12	0.480000	1
13	0.480000	1
14	0.480000	1
15	0.480000	1
17	0.480000	1
19	0.480000	1
20	0.480000	1
22	0.480000	1
24	0.480000	1
26	0.480000	1
27	0.480000	1
28	0.480000	1
29	0.480000	1
30	0.480000	1
32	0.480000	1
33	0.480000	1
34	0.480000	1
35	0.480000	1
36	0.480000	1
37	0.480000	1
40	0.480000	1
41	0.480000	1
44	0.480000	1
45	0.480000	1
46	0.480000	1
47	0.480000	1
48	0.480000	1
49	0.480000	1
51	0.480000	1
53	0.480000	1
54	0.480000	1
56	0.480000	1
58	0.480000	1
60	0.480000	1
61	0.480000	1
62	0.480000	1
63	0.480000	1
9	0.480000	2
43	0.480000	2
16	0.480000	2
50	0.480000	2
21	0.480000	2
55	0.480000	2
4	0.480000	3
38	0.480000	3
5	0.480000	4
39	0.480000	4
18	0.480000	5
52	0.480000	5
57	0.480000	6
23	0.480000	6
25	0.480000	7
59	0.480000	7
8	0.480000	8
31	0.480000	9
42	0.480000	10

0	0.490000	1
1	0.490000	1
2	0.490000	1
3	0.490000	1
6	0.490000	1
7	0.490000	1
10	0.490000	1
11	0.490000	1
12	0.490000	1
13	0.490000	1
14	0.490000	1
15	0.490000	1
17	0.490000	1
19	0.490000	1
20	0.490000	1
24	0.490000	1
26	0.490000	1
27	0.490000	1
28	0.490000	1
29	0.490000	1
30	0.490000	1
32	0.490000	1
33	0.490000	1
34	0.490000	1
35	0.490000	1
36	0.490000	1
37	0.490000	1
40	0.490000	1
41	0.490000	1
44	0.490000	1
45	0.490000	1
46	0.490000	1
47	0.490000	1
48	0.490000	1
49	0.490000	1
51	0.490000	1
53	0.490000	1
54	0.490000	1
58	0.490000	1
60	0.490000	1
61	0.490000	1
62	0.490000	1
63	0.490000	1
9	0.490000	2
43	0.490000	2
16	0.490000	2
50	0.490000	2
21	0.490000	2
55	0.490000	2
4	0.490000	3
38	0.490000	3
5	0.490000	4
39	0.490000	4
18	0.490000	5
52	0.490000	5
56	0.490000	6
22	0.490000	6
57	0.490000	7
23	0.490000	7
8	0.490000	8
25	0.490000	9
31	0.490000	10
42	0.490000	11
59	0.490000	12

0	0.500000	1
1	0.500000	1
2	0.500000	1
3	0.500000	1
6	0.500000	1
7	0.500000	1
10	0.500000	1
11	0.500000	1
12	0.500000	1
13	0.500000	1
14	0.500000	1
15	0.500000	1
17	0.500000	1
19	0.500000	1
20	0.500000	1
27	0.500000	1
28	0.500000	1
29	0.500000	1
30	0.500000	1
32	0.500000	1
33	0.500000	1
34	0.500000	1
35	0.500000	1
36	0.500000	1
37	0.500000	1
40	0.500000	1
41	0.500000	1
44	0.500000	1
45	0.500000	1
46	0.500000	1
47	0.500000	1
48	0.500000	1
49	0.500000	1
51	0.500000	1
53	0.500000	1
54	0.500000	1
58	0.500000	1
60	0.500000	1
61	0.500000	1
62	0.500000	1
63	0.500000	1
9	0.500000	2
43	0.500000	2
16	0.500000	2
50	0.500000	2
21	0.500000	2
55	0.500000	2
4	0.500000	3
38	0.500000	3
5	0.500000	4
39	0.500000	4
18	0.500000	5
52	0.500000	5
56	0.500000	6
22	0.500000	6
57	0.500000	7
23	0.500000	7
8	0.500000	8
24	0.500000	9
25	0.500000	10
26	0.500000	11
31	0.500000	12
42	0.500000	13
59	0.500000	14

0	0.510000	1
1	0.510000	1
34	0.510000	1
35	0.510000	1
36	0.510000	1
40	0.510000	1
10	0.510000	1
44	0.510000	1
17	0.510000	1
51	0.510000	1
28	0.510000	1
29	0.510000	1
62	0.510000	1
63	0.510000	1
45	0.510000	2
7	0.510000	2
41	0.510000	2
11	0.510000	2
13	0.510000	2
14	0.510000	2
47	0.510000	2
48	0.510000	2
49	0.510000	2
20	0.510000	2
54	0.510000	2
15	0.510000	2
32	0.510000	3
2	0.510000	3
3	0.510000	3
37	0.510000	3
12	0.510000	3
46	0.510000	3
58	0.510000	3
60	0.510000	3
30	0.510000	3
9	0.510000	4
43	0.510000	4
16	0.510000	4
50	0.510000	4
21	0.510000	4
55	0.510000	4
33	0.510000	5
27	0.510000	5
61	0.510000	5
4	0.510000	6
38	0.510000	6
5	0.510000	7
39	0.510000	7
18	0.510000	8
52	0.510000	8
19	0.510000	9
53	0.510000	9
56	0.510000	10
22	0.510000	10
57	0.510000	11
23	0.510000	11
6	0.510000	12
8	0.510000	13
24	0.510000	14
25	0.510000	15
26	0.510000	16
31	0.510000	17
42	0.510000	18
59	0.510000	19

0	0.520000	1
1	0.520000	1
34	0.520000	1
35	0.520000	1
36	0.520000	1
40	0.520000	1
10	0.520000	1
44	0.520000	1
17	0.520000	1
51	0.520000	1
28	0.520000	1
29	0.520000	1
62	0.520000	1
63	0.520000	1
45	0.520000	2
7	0.520000	2
41	0.520000	2
11	0.520000	2
13	0.520000	2
14	0.520000	2
47	0.520000	2
48	0.520000	2
49	0.520000	2
20	0.520000	2
54	0.520000	2
15	0.520000	2
32	0.520000	3
2	0.520000	3
3	0.520000	3
37	0.520000	3
12	0.520000	3
46	0.520000	3
58	0.520000	3
60	0.520000	3
30	0.520000	3
16	0.520000	4
9	0.520000	4
50	0.520000	4
43	0.520000	4
33	0.520000	5
27	0.520000	5
61	0.520000	5
4	0.520000	6
38	0.520000	6
18	0.520000	7
52	0.520000	7
19	0.520000	8
53	0.520000	8
21	0.520000	9
55	0.520000	9
56	0.520000	10
22	0.520000	10
57	0.520000	11
23	0.520000	11
5	0.520000	12
6	0.520000	13
8	0.520000	14
24	0.520000	15
25	0.520000	16
26	0.520000	17
31	0.520000	18
39	0.520000	19
42	0.520000	20
59	0.520000	21

0	0.530000	1
1	0.530000	1
34	0.530000	1
35	0.530000	1
36	0.530000	1
40	0.530000	1
10	0.530000	1
44	0.530000	1
17	0.530000	1
51	0.530000	1
28	0.530000	1
29	0.530000	1
62	0.530000	1
63	0.530000	1
45	0.530000	2
7	0.530000	2
41	0.530000	2
11	0.530000	2
13	0.530000	2
14	0.530000	2
47	0.530000	2
48	0.530000	2
49	0.530000	2
20	0.530000	2
54	0.530000	2
15	0.530000	2
32	0.530000	3
2	0.530000	3
3	0.530000	3
37	0.530000	3
12	0.530000	3
46	0.530000	3
58	0.530000	3
60	0.530000	3
30	0.530000	3
16	0.530000	4
9	0.530000	4
50	0.530000	4
43	0.530000	4
4	0.530000	5
38	0.530000	5
18	0.530000	6
52	0.530000	6
19	0.530000	7
53	0.530000	7
21	0.530000	8
55	0.530000	8
56	0.530000	9
22	0.530000	9
57	0.530000	10
23	0.530000	10
27	0.530000	11
61	0.530000	11
5	0.530000	12
6	0.530000	13
8	0.530000	14
24	0.530000	15
25	0.530000	16
26	0.530000	17
31	0.530000	18
33	0.530000	19
39	0.530000	20
42	0.530000	21
59	0.530000	22

0	0.540000	1
1	0.540000	1
34	0.540000	1
35	0.540000	1
36	0.540000	1
40	0.540000	1
10	0.540000	1
44	0.540000	1
17	0.540000	1
51	0.540000	1
28	0.540000	1
29	0.540000	1
62	0.540000	1
63	0.540000	1
32	0.540000	2
2	0.540000	2
3	0.540000	2
37	0.540000	2
12	0.540000	2
46	0.540000	2
58	0.540000	2
60	0.540000	2
30	0.540000	2
13	0.540000	3
14	0.540000	3
15	0.540000	3
48	0.540000	3
49	0.540000	3
47	0.540000	3
41	0.540000	4
20	0.540000	4
54	0.540000	4
7	0.540000	4
16	0.540000	5
9	0.540000	5
50	0.540000	5
43	0.540000	5
4	0.540000	6
38	0.540000	6
11	0.540000	7
45	0.540000	7
18	0.540000	8
52	0.540000	8
19	0.540000	9
53	0.540000	9
21	0.540000	10
55	0.540000	10
56	0.540000	11
22	0.540000	11
57	0.540000	12
23	0.540000	12
27	0.540000	13
61	0.540000	13
5	0.540000	14
6	0.540000	15
8	0.540000	16
24	0.540000	17
25	0.540000	18
26	0.540000	19
31	0.540000	20
33	0.540000	21
39	0.540000	22
42	0.540000	23
59	0.540000	24

32	0.550000	1
2	0.550000	1
3	0.550000	1
37	0.550000	1
12	0.550000	1
46	0.550000	1
58	0.550000	1
30	0.550000	1
36	0.550000	2
40	0.550000	2
10	0.550000	2
44	0.550000	2
17	0.550000	2
28	0.550000	2
62	0.550000	2
0	0.550000	3
1	0.550000	3
34	0.550000	3
35	0.550000	3
41	0.550000	4
20	0.550000	4
54	0.550000	4
7	0.550000	4
16	0.550000	5
9	0.550000	5
50	0.550000	5
43	0.550000	5
49	0.550000	6
15	0.550000	6
13	0.550000	6
47	0.550000	6
11	0.550000	7
45	0.550000	7
48	0.550000	8
14	0.550000	8
18	0.550000	9
52	0.550000	9
19	0.550000	10
53	0.550000	10
21	0.550000	11
55	0.550000	11
56	0.550000	12
22	0.550000	12
57	0.550000	13
23	0.550000	13
27	0.550000	14
61	0.550000	14
29	0.550000	15
63	0.550000	15
4	0.550000	16
5	0.550000	17
6	0.550000	18
8	0.550000	19
24	0.550000	20
25	0.550000	21
26	0.550000	22
31	0.550000	23
33	0.550000	24
38	0.550000	25
39	0.550000	26
42	0.550000	27
51	0.550000	28
59	0.550000	29
60	0.550000	30

36	0.560000	1
40	0.560000	1
10	0.560000	1
44	0.560000	1
17	0.560000	1
28	0.560000	1
62	0.560000	1
2	0.560000	2
3	0.560000	2
37	0.560000	2
12	0.560000	2
46	0.560000	2
58	0.560000	2
0	0.560000	3
1	0.560000	3
34	0.560000	3
35	0.560000	3
41	0.560000	4
20	0.560000	4
54	0.560000	4
7	0.560000	4
16	0.560000	5
9	0.560000	5
50	0.560000	5
43	0.560000	5
11	0.560000	6
45	0.560000	6
13	0.560000	7
47	0.560000	7
48	0.560000	8
14	0.560000	8
49	0.560000	9
15	0.560000	9
18	0.560000	10
52	0.560000	10
19	0.560000	11
53	0.560000	11
56	0.560000	12
22	0.560000	12
57	0.560000	13
23	0.560000	13
27	0.560000	14
61	0.560000	14
29	0.560000	15
63	0.560000	15
4	0.560000	16
5	0.560000	17
6	0.560000	18
8	0.560000	19
21	0.560000	20
24	0.560000	21
25	0.560000	22
26	0.560000	23
30	0.560000	24
31	0.560000	25
32	0.560000	26
33	0.560000	27
38	0.560000	28
39	0.560000	29
42	0.560000	30
51	0.560000	31
55	0.560000	32
59	0.560000	33
60	0.560000	34

2	0.570000	1
3	0.570000	1
37	0.570000	1
12	0.570000	1
46	0.570000	1
58	0.570000	1
0	0.570000	2
1	0.570000	2
34	0.570000	2
35	0.570000	2
41	0.570000	3
20	0.570000	3
54	0.570000	3
7	0.570000	3
16	0.570000	4
9	0.570000	4
50	0.570000	4
43	0.570000	4
40	0.570000	5
10	0.570000	5
44	0.570000	5
17	0.570000	6
28	0.570000	6
62	0.570000	6
11	0.570000	7
45	0.570000	7
13	0.570000	8
47	0.570000	8
48	0.570000	9
14	0.570000	9
49	0.570000	10
15	0.570000	10
18	0.570000	11
52	0.570000	11
19	0.570000	12
53	0.570000	12
56	0.570000	13
22	0.570000	13
57	0.570000	14
23	0.570000	14
27	0.570000	15
61	0.570000	15
29	0.570000	16
63	0.570000	16
4	0.570000	17
5	0.570000	18
6	0.570000	19
8	0.570000	20
21	0.570000	21
24	0.570000	22
25	0.570000	23
26	0.570000	24
30	0.570000	25
31	0.570000	26
32	0.570000	27
33	0.570000	28
36	0.570000	29
38	0.570000	30
39	0.570000	31
42	0.570000	32
51	0.570000	33
55	0.570000	34
59	0.570000	35
60	0.570000	36

2	0.580000	1
3	0.580000	1
12	0.580000	1
37	0.580000	1
46	0.580000	1
41	0.580000	2
20	0.580000	2
54	0.580000	2
7	0.580000	2
16	0.580000	3
9	0.580000	3
50	0.580000	3
43	0.580000	3
17	0.580000	4
28	0.580000	4
62	0.580000	4
0	0.580000	5
34	0.580000	5
1	0.580000	6
35	0.580000	6
10	0.580000	7
44	0.580000	7
11	0.580000	8
45	0.580000	8
13	0.580000	9
47	0.580000	9
48	0.580000	10
14	0.580000	10
49	0.580000	11
15	0.580000	11
18	0.580000	12
52	0.580000	12
19	0.580000	13
53	0.580000	13
56	0.580000	14
22	0.580000	14
57	0.580000	15
23	0.580000	15
27	0.580000	16
61	0.580000	16
29	0.580000	17
63	0.580000	17
4	0.580000	18
5	0.580000	19
6	0.580000	20
8	0.580000	21
21	0.580000	22
24	0.580000	23
25	0.580000	24
26	0.580000	25
30	0.580000	26
31	0.580000	27
32	0.580000	28
33	0.580000	29
36	0.580000	30
38	0.580000	31
39	0.580000	32
40	0.580000	33
42	0.580000	34
51	0.580000	35
55	0.580000	36
58	0.580000	37
59	0.580000	38
60	0.580000	39

41	0.590000	1
20	0.590000	1
54	0.590000	1
7	0.590000	1
16	0.590000	2
9	0.590000	2
50	0.590000	2
43	0.590000	2
17	0.590000	3
28	0.590000	3
62	0.590000	3
0	0.590000	4
34	0.590000	4
1	0.590000	5
35	0.590000	5
2	0.590000	6
3	0.590000	6
10	0.590000	7
44	0.590000	7
11	0.590000	8
45	0.590000	8
13	0.590000	9
47	0.590000	9
48	0.590000	10
14	0.590000	10
49	0.590000	11
15	0.590000	11
18	0.590000	12
52	0.590000	12
19	0.590000	13
53	0.590000	13
56	0.590000	14
22	0.590000	14
57	0.590000	15
23	0.590000	15
27	0.590000	16
61	0.590000	16
29	0.590000	17
63	0.590000	17
37	0.590000	18
46	0.590000	18
4	0.590000	19
5	0.590000	20
6	0.590000	21
8	0.590000	22
12	0.590000	23
21	0.590000	24
24	0.590000	25
25	0.590000	26
26	0.590000	27
30	0.590000	28
31	0.590000	29
32	0.590000	30
33	0.590000	31
36	0.590000	32
38	0.590000	33
39	0.590000	34
40	0.590000	35
42	0.590000	36
51	0.590000	37
55	0.590000	38
58	0.590000	39
59	0.590000	40
60	0.590000	41

41	0.600000	1
20	0.600000	1
54	0.600000	1
7	0.600000	1
16	0.600000	2
9	0.600000	2
50	0.600000	2
43	0.600000	2
1	0.600000	3
35	0.600000	3
2	0.600000	4
3	0.600000	4
10	0.600000	5
44	0.600000	5
11	0.600000	6
45	0.600000	6
13	0.600000	7
47	0.600000	7
48	0.600000	8
14	0.600000	8
49	0.600000	9
15	0.600000	9
17	0.600000	10
28	0.600000	10
18	0.600000	11
52	0.600000	11
19	0.600000	12
53	0.600000	12
57	0.600000	13
23	0.600000	13
27	0.600000	14
61	0.600000	14
29	0.600000	15
63	0.600000	15
37	0.600000	16
46	0.600000	16
0	0.600000	17
4	0.600000	18
5	0.600000	19
6	0.600000	20
8	0.600000	21
12	0.600000	22
21	0.600000	23
22	0.600000	24
24	0.600000	25
25	0.600000	26
26	0.600000	27
30	0.600000	28
31	0.600000	29
32	0.600000	30
33	0.600000	31
34	0.600000	32
36	0.600000	33
38	0.600000	34
39	0.600000	35
40	0.600000	36
42	0.600000	37
51	0.600000	38
55	0.600000	39
56	0.600000	40
58	0.600000	41
59	0.600000	42
60	0.600000	43
62	0.600000	44

16	0.610000	1
9	0.610000	1
43	0.610000	1
2	0.610000	2
3	0.610000	2
41	0.610000	3
7	0.610000	3
10	0.610000	4
44	0.610000	4
11	0.610000	5
45	0.610000	5
13	0.610000	6
47	0.610000	6
49	0.610000	7
15	0.610000	7
17	0.610000	8
28	0.610000	8
18	0.610000	9
52	0.610000	9
19	0.610000	10
53	0.610000	10
20	0.610000	11
54	0.610000	11
57	0.610000	12
23	0.610000	12
27	0.610000	13
61	0.610000	13
29	0.610000	14
63	0.610000	14
37	0.610000	15
46	0.610000	15
0	0.610000	16
1	0.610000	17
4	0.610000	18
5	0.610000	19
6	0.610000	20
8	0.610000	21
12	0.610000	22
14	0.610000	23
21	0.610000	24
22	0.610000	25
24	0.610000	26
25	0.610000	27
26	0.610000	28
30	0.610000	29
31	0.610000	30
32	0.610000	31
33	0.610000	32
34	0.610000	33
35	0.610000	34
36	0.610000	35
38	0.610000	36
39	0.610000	37
40	0.610000	38
42	0.610000	39
48	0.610000	40
50	0.610000	41
51	0.610000	42
55	0.610000	43
56	0.610000	44
58	0.610000	45
59	0.610000	46
60	0.610000	47
62	0.610000	48

16	0.620000	1
9	0.620000	1
43	0.620000	1
2	0.620000	2
3	0.620000	2
41	0.620000	3
7	0.620000	3
10	0.620000	4
44	0.620000	4
11	0.620000	5
45	0.620000	5
13	0.620000	6
47	0.620000	6
49	0.620000	7
15	0.620000	7
17	0.620000	8
28	0.620000	8
18	0.620000	9
52	0.620000	9
19	0.620000	10
53	0.620000	10
20	0.620000	11
54	0.620000	11
57	0.620000	12
23	0.620000	12
27	0.620000	13
61	0.620000	13
29	0.620000	14
63	0.620000	14
37	0.620000	15
46	0.620000	15
0	0.620000	16
1	0.620000	17
4	0.620000	18
5	0.620000	19
6	0.620000	20
8	0.620000	21
12	0.620000	22
14	0.620000	23
21	0.620000	24
22	0.620000	25
24	0.620000	26
25	0.620000	27
26	0.620000	28
30	0.620000	29
31	0.620000	30
32	0.620000	31
33	0.620000	32
34	0.620000	33
35	0.620000	34
36	0.620000	35
38	0.620000	36
39	0.620000	37
40	0.620000	38
42	0.620000	39
48	0.620000	40
50	0.620000	41
51	0.620000	42
55	0.620000	43
56	0.620000	44
58	0.620000	45
59	0.620000	46
60	0.620000	47
62	0.620000	48

16	0.630000	1
9	0.630000	1
43	0.630000	1
2	0.630000	2
3	0.630000	2
41	0.630000	3
7	0.630000	3
10	0.630000	4
44	0.630000	4
11	0.630000	5
45	0.630000	5
49	0.630000	6
15	0.630000	6
18	0.630000	7
52	0.630000	7
19	0.630000	8
53	0.630000	8
20	0.630000	9
54	0.630000	9
57	0.630000	10
23	0.630000	10
27	0.630000	11
61	0.630000	11
29	0.630000	12
63	0.630000	12
0	0.630000	13
1	0.630000	14
4	0.630000	15
5	0.630000	16
6	0.630000	17
8	0.630000	18
12	0.630000	19
13	0.630000	20
14	0.630000	21
17	0.630000	22
21	0.630000	23
22	0.630000	24
24	0.630000	25
25	0.630000	26
26	0.630000	27
28	0.630000	28
30	0.630000	29
31	0.630000	30
32	0.630000	31
33	0.630000	32
34	0.630000	33
35	0.630000	34
36	0.630000	35
37	0.630000	36
38	0.630000	37
39	0.630000	38
40	0.630000	39
42	0.630000	40
46	0.630000	41
47	0.630000	42
48	0.630000	43
50	0.630000	44
51	0.630000	45
55	0.630000	46
56	0.630000	47
58	0.630000	48
59	0.630000	49
60	0.630000	50
62	0.630000	51

2	0.640000	1
3	0.640000	1
41	0.640000	2
7	0.640000	2
16	0.640000	3
9	0.640000	3
10	0.640000	4
44	0.640000	4
11	0.640000	5
45	0.640000	5
49	0.640000	6
15	0.640000	6
18	0.640000	7
52	0.640000	7
19	0.640000	8
53	0.640000	8
20	0.640000	9
54	0.640000	9
57	0.640000	10
23	0.640000	10
29	0.640000	11
63	0.640000	11
0	0.640000	12
1	0.640000	13
4	0.640000	14
5	0.640000	15
6	0.640000	16
8	0.640000	17
12	0.640000	18
13	0.640000	19
14	0.640000	20
17	0.640000	21
21	0.640000	22
22	0.640000	23
24	0.640000	24
25	0.640000	25
26	0.640000	26
27	0.640000	27
28	0.640000	28
30	0.640000	29
31	0.640000	30
32	0.640000	31
33	0.640000	32
34	0.640000	33
35	0.640000	34
36	0.640000	35
37	0.640000	36
38	0.640000	37
39	0.640000	38
40	0.640000	39
42	0.640000	40
43	0.640000	41
46	0.640000	42
47	0.640000	43
48	0.640000	44
50	0.640000	45
51	0.640000	46
55	0.640000	47
56	0.640000	48
58	0.640000	49
59	0.640000	50
60	0.640000	51
61	0.640000	52
62	0.640000	53

2	0.650000	1
3	0.650000	1
41	0.650000	2
7	0.650000	2
16	0.650000	3
9	0.650000	3
11	0.650000	4
45	0.650000	4
49	0.650000	5
15	0.650000	5
18	0.650000	6
52	0.650000	6
19	0.650000	7
53	0.650000	7
20	0.650000	8
54	0.650000	8
57	0.650000	9
23	0.650000	9
29	0.650000	10
63	0.650000	10
0	0.650000	11
1	0.650000	12
4	0.650000	13
5	0.650000	14
6	0.650000	15
8	0.650000	16
10	0.650000	17
12	0.650000	18
13	0.650000	19
14	0.650000	20
17	0.650000	21
21	0.650000	22
22	0.650000	23
24	0.650000	24
25	0.650000	25
26	0.650000	26
27	0.650000	27
28	0.650000	28
30	0.650000	29
31	0.650000	30
32	0.650000	31
33	0.650000	32
34	0.650000	33
35	0.650000	34
36	0.650000	35
37	0.650000	36
38	0.650000	37
39	0.650000	38
40	0.650000	39
42	0.650000	40
43	0.650000	41
44	0.650000	42
46	0.650000	43
47	0.650000	44
48	0.650000	45
50	0.650000	46
51	0.650000	47
55	0.650000	48
56	0.650000	49
58	0.650000	50
59	0.650000	51
60	0.650000	52
61	0.650000	53
62	0.650000	54

2	0.660000	1
3	0.660000	1
41	0.660000	2
7	0.660000	2
11	0.660000	3
45	0.660000	3
49	0.660000	4
15	0.660000	4
18	0.660000	5
52	0.660000	5
19	0.660000	6
53	0.660000	6
20	0.660000	7
54	0.660000	7
57	0.660000	8
23	0.660000	8
0	0.660000	9
1	0.660000	10
4	0.660000	11
5	0.660000	12
6	0.660000	13
8	0.660000	14
9	0.660000	15
10	0.660000	16
12	0.660000	17
13	0.660000	18
14	0.660000	19
16	0.660000	20
17	0.660000	21
21	0.660000	22
22	0.660000	23
24	0.660000	24
25	0.660000	25
26	0.660000	26
27	0.660000	27
28	0.660000	28
29	0.660000	29
30	0.660000	30
31	0.660000	31
32	0.660000	32
33	0.660000	33
34	0.660000	34
35	0.660000	35
36	0.660000	36
37	0.660000	37
38	0.660000	38
39	0.660000	39
40	0.660000	40
42	0.660000	41
43	0.660000	42
44	0.660000	43
46	0.660000	44
47	0.660000	45
48	0.660000	46
50	0.660000	47
51	0.660000	48
55	0.660000	49
56	0.660000	50
58	0.660000	51
59	0.660000	52
60	0.660000	53
61	0.660000	54
62	0.660000	55
63	0.660000	56

2	0.670000	1
3	0.670000	1
41	0.670000	2
7	0.670000	2
11	0.670000	3
45	0.670000	3
49	0.670000	4
15	0.670000	4
18	0.670000	5
52	0.670000	5
19	0.670000	6
53	0.670000	6
20	0.670000	7
54	0.670000	7
57	0.670000	8
23	0.670000	8
0	0.670000	9
1	0.670000	10
4	0.670000	11
5	0.670000	12
6	0.670000	13
8	0.670000	14
9	0.670000	15
10	0.670000	16
12	0.670000	17
13	0.670000	18
14	0.670000	19
16	0.670000	20
17	0.670000	21
21	0.670000	22
22	0.670000	23
24	0.670000	24
25	0.670000	25
26	0.670000	26
27	0.670000	27
28	0.670000	28
29	0.670000	29
30	0.670000	30
31	0.670000	31
32	0.670000	32
33	0.670000	33
34	0.670000	34
35	0.670000	35
36	0.670000	36
37	0.670000	37
38	0.670000	38
39	0.670000	39
40	0.670000	40
42	0.670000	41
43	0.670000	42
44	0.670000	43
46	0.670000	44
47	0.670000	45
48	0.670000	46
50	0.670000	47
51	0.670000	48
55	0.670000	49
56	0.670000	50
58	0.670000	51
59	0.670000	52
60	0.670000	53
61	0.670000	54
62	0.670000	55
63	0.670000	56

2	0.680000	1
3	0.680000	1
41	0.680000	2
7	0.680000	2
49	0.680000	3
15	0.680000	3
18	0.680000	4
52	0.680000	4
19	0.680000	5
53	0.680000	5
20	0.680000	6
54	0.680000	6
57	0.680000	7
23	0.680000	7
0	0.680000	8
1	0.680000	9
4	0.680000	10
5	0.680000	11
6	0.680000	12
8	0.680000	13
9	0.680000	14
10	0.680000	15
11	0.680000	16
12	0.680000	17
13	0.680000	18
14	0.680000	19
16	0.680000	20
17	0.680000	21
21	0.680000	22
22	0.680000	23
24	0.680000	24
25	0.680000	25
26	0.680000	26
27	0.680000	27
28	0.680000	28
29	0.680000	29
30	0.680000	30
31	0.680000	31
32	0.680000	32
33	0.680000	33
34	0.680000	34
35	0.680000	35
36	0.680000	36
37	0.680000	37
38	0.680000	38
39	0.680000	39
40	0.680000	40
42	0.680000	41
43	0.680000	42
44	0.680000	43
45	0.680000	44
46	0.680000	45
47	0.680000	46
48	0.680000	47
50	0.680000	48
51	0.680000	49
55	0.680000	50
56	0.680000	51
58	0.680000	52
59	0.680000	53
60	0.680000	54
61	0.680000	55
62	0.680000	56
63	0.680000	57

41	0.690000	1
7	0.690000	1
49	0.690000	2
15	0.690000	2
18	0.690000	3
52	0.690000	3
19	0.690000	4
53	0.690000	4
20	0.690000	5
54	0.690000	5
57	0.690000	6
23	0.690000	6
0	0.690000	7
1	0.690000	8
2	0.690000	9
3	0.690000	10
4	0.690000	11
5	0.690000	12
6	0.690000	13
8	0.690000	14
9	0.690000	15
10	0.690000	16
11	0.690000	17
12	0.690000	18
13	0.690000	19
14	0.690000	20
16	0.690000	21
17	0.690000	22
21	0.690000	23
22	0.690000	24
24	0.690000	25
25	0.690000	26
26	0.690000	27
27	0.690000	28
28	0.690000	29
29	0.690000	30
30	0.690000	31
31	0.690000	32
32	0.690000	33
33	0.690000	34
34	0.690000	35
35	0.690000	36
36	0.690000	37
37	0.690000	38
38	0.690000	39
39	0.690000	40
40	0.690000	41
42	0.690000	42
43	0.690000	43
44	0.690000	44
45	0.690000	45
46	0.690000	46
47	0.690000	47
48	0.690000	48
50	0.690000	49
51	0.690000	50
55	0.690000	51
56	0.690000	52
58	0.690000	53
59	0.690000	54
60	0.690000	55
61	0.690000	56
62	0.690000	57
63	0.690000	58

41	0.700000	1
7	0.700000	1
57	0.700000	2
23	0.700000	2
0	0.700000	3
1	0.700000	4
2	0.700000	5
3	0.700000	6
4	0.700000	7
5	0.700000	8
6	0.700000	9
8	0.700000	10
9	0.700000	11
10	0.700000	12
11	0.700000	13
12	0.700000	14
13	0.700000	15
14	0.700000	16
15	0.700000	17
16	0.700000	18
17	0.700000	19
18	0.700000	20
19	0.700000	21
20	0.700000	22
21	0.700000	23
22	0.700000	24
24	0.700000	25
25	0.700000	26
26	0.700000	27
27	0.700000	28
28	0.700000	29
29	0.700000	30
30	0.700000	31
31	0.700000	32
32	0.700000	33
33	0.700000	34
34	0.700000	35
35	0.700000	36
36	0.700000	37
37	0.700000	38
38	0.700000	39
39	0.700000	40
40	0.700000	41
42	0.700000	42
43	0.700000	43
44	0.700000	44
45	0.700000	45
46	0.700000	46
47	0.700000	47
48	0.700000	48
49	0.700000	49
50	0.700000	50
51	0.700000	51
52	0.700000	52
53	0.700000	53
54	0.700000	54
55	0.700000	55
56	0.700000	56
58	0.700000	57
59	0.700000	58
60	0.700000	59
61	0.700000	60
62	0.700000	61
63	0.700000	62

41	0.710000	1
7	0.710000	1
0	0.710000	2
1	0.710000	3
2	0.710000	4
3	0.710000	5
4	0.710000	6
5	0.710000	7
6	0.710000	8
8	0.710000	9
9	0.710000	10
10	0.710000	11
11	0.710000	12
12	0.710000	13
13	0.710000	14
14	0.710000	15
15	0.710000	16
16	0.710000	17
17	0.710000	18
18	0.710000	19
19	0.710000	20
20	0.710000	21
21	0.710000	22
22	0.710000	23
23	0.710000	24
24	0.710000	25
25	0.710000	26
26	0.710000	27
27	0.710000	28
28	0.710000	29
29	0.710000	30
30	0.710000	31
31	0.710000	32
32	0.710000	33
33	0.710000	34
34	0.710000	35
35	0.710000	36
36	0.710000	37
37	0.710000	38
38	0.710000	39
39	0.710000	40
40	0.710000	41
42	0.710000	42
43	0.710000	43
44	0.710000	44
45	0.710000	45
46	0.710000	46
47	0.710000	47
48	0.710000	48
49	0.710000	49
50	0.710000	50
51	0.710000	51
52	0.710000	52
53	0.710000	53
54	0.710000	54
55	0.710000	55
56	0.710000	56
57	0.710000	57
58	0.710000	58
59	0.710000	59
60	0.710000	60
61	0.710000	61
62	0.710000	62
63	0.710000	63

41	0.720000	1
7	0.720000	1
0	0.720000	2
1	0.720000	3
2	0.720000	4
3	0.720000	5
4	0.720000	6
5	0.720000	7
6	0.720000	8
8	0.720000	9
9	0.720000	10
10	0.720000	11
11	0.720000	12
12	0.720000	13
13	0.720000	14
14	0.720000	15
15	0.720000	16
16	0.720000	17
17	0.720000	18
18	0.720000	19
19	0.720000	20
20	0.720000	21
21	0.720000	22
22	0.720000	23
23	0.720000	24
24	0.720000	25
25	0.720000	26
26	0.720000	27
27	0.720000	28
28	0.720000	29
29	0.720000	30
30	0.720000	31
31	0.720000	32
32	0.720000	33
33	0.720000	34
34	0.720000	35
35	0.720000	36
36	0.720000	37
37	0.720000	38
38	0.720000	39
39	0.720000	40
40	0.720000	41
42	0.720000	42
43	0.720000	43
44	0.720000	44
45	0.720000	45
46	0.720000	46
47	0.720000	47
48	0.720000	48
49	0.720000	49
50	0.720000	50
51	0.720000	51
52	0.720000	52
53	0.720000	53
54	0.720000	54
55	0.720000	55
56	0.720000	56
57	0.720000	57
58	0.720000	58
59	0.720000	59
60	0.720000	60
61	0.720000	61
62	0.720000	62
63	0.720000	63

0	0.730000	1
1	0.730000	2
2	0.730000	3
3	0.730000	4
4	0.730000	5
5	0.730000	6
6	0.730000	7
7	0.730000	8
8	0.730000	9
9	0.730000	10
10	0.730000	11
11	0.730000	12
12	0.730000	13
13	0.730000	14
14	0.730000	15
15	0.730000	16
16	0.730000	17
17	0.730000	18
18	0.730000	19
19	0.730000	20
20	0.730000	21
21	0.730000	22
22	0.730000	23
23	0.730000	24
24	0.730000	25
25	0.730000	26
26	0.730000	27
27	0.730000	28
28	0.730000	29
29	0.730000	30
30	0.730000	31
31	0.730000	32
32	0.730000	33
33	0.730000	34
34	0.730000	35
35	0.730000	36
36	0.730000	37
37	0.730000	38
38	0.730000	39
39	0.730000	40
40	0.730000	41
41	0.730000	42
42	0.730000	43
43	0.730000	44
44	0.730000	45
45	0.730000	46
46	0.730000	47
47	0.730000	48
48	0.730000	49
49	0.730000	50
50	0.730000	51
51	0.730000	52
52	0.730000	53
53	0.730000	54
54	0.730000	55
55	0.730000	56
56	0.730000	57
57	0.730000	58
58	0.730000	59
59	0.730000	60
60	0.730000	61
61	0.730000	62
62	0.730000	63
63	0.730000	64

0	0.740000	1
1	0.740000	2
2	0.740000	3
3	0.740000	4
4	0.740000	5
5	0.740000	6
6	0.740000	7
7	0.740000	8
8	0.740000	9
9	0.740000	10
10	0.740000	11
11	0.740000	12
12	0.740000	13
13	0.740000	14
14	0.740000	15
15	0.740000	16
16	0.740000	17
17	0.740000	18
18	0.740000	19
19	0.740000	20
20	0.740000	21
21	0.740000	22
22	0.740000	23
23	0.740000	24
24	0.740000	25
25	0.740000	26
26	0.740000	27
27	0.740000	28
28	0.740000	29
29	0.740000	30
30	0.740000	31
31	0.740000	32
32	0.740000	33
33	0.740000	34
34	0.740000	35
35	0.740000	36
36	0.740000	37
37	0.740000	38
38	0.740000	39
39	0.740000	40
40	0.740000	41
41	0.740000	42
42	0.740000	43
43	0.740000	44
44	0.740000	45
45	0.740000	46
46	0.740000	47
47	0.740000	48
48	0.740000	49
49	0.740000	50
50	0.740000	51
51	0.740000	52
52	0.740000	53
53	0.740000	54
54	0.740000	55
55	0.740000	56
56	0.740000	57
57	0.740000	58
58	0.740000	59
59	0.740000	60
60	0.740000	61
61	0.740000	62
62	0.740000	63
63	0.740000	64

0	0.750000	1
1	0.750000	2
2	0.750000	3
3	0.750000	4
4	0.750000	5
5	0.750000	6
6	0.750000	7
7	0.750000	8
8	0.750000	9
9	0.750000	10
10	0.750000	11
11	0.750000	12
12	0.750000	13
13	0.750000	14
14	0.750000	15
15	0.750000	16
16	0.750000	17
17	0.750000	18
18	0.750000	19
19	0.750000	20
20	0.750000	21
21	0.750000	22
22	0.750000	23
23	0.750000	24
24	0.750000	25
25	0.750000	26
26	0.750000	27
27	0.750000	28
28	0.750000	29
29	0.750000	30
30	0.750000	31
31	0.750000	32
32	0.750000	33
33	0.750000	34
34	0.750000	35
35	0.750000	36
36	0.750000	37
37	0.750000	38
38	0.750000	39
39	0.750000	40
40	0.750000	41
41	0.750000	42
42	0.750000	43
43	0.750000	44
44	0.750000	45
45	0.750000	46
46	0.750000	47
47	0.750000	48
48	0.750000	49
49	0.750000	50
50	0.750000	51
51	0.750000	52
52	0.750000	53
53	0.750000	54
54	0.750000	55
55	0.750000	56
56	0.750000	57
57	0.750000	58
58	0.750000	59
59	0.750000	60
60	0.750000	61
61	0.750000	62
62	0.750000	63
63	0.750000	64

0	0.760000	1
1	0.760000	2
2	0.760000	3
3	0.760000	4
4	0.760000	5
5	0.760000	6
6	0.760000	7
7	0.760000	8
8	0.760000	9
9	0.760000	10
10	0.760000	11
11	0.760000	12
12	0.760000	13
13	0.760000	14
14	0.760000	15
15	0.760000	16
16	0.760000	17
17	0.760000	18
18	0.760000	19
19	0.760000	20
20	0.760000	21
21	0.760000	22
22	0.760000	23
23	0.760000	24
24	0.760000	25
25	0.760000	26
26	0.760000	27
27	0.760000	28
28	0.760000	29
29	0.760000	30
30	0.760000	31
31	0.760000	32
32	0.760000	33
33	0.760000	34
34	0.760000	35
35	0.760000	36
36	0.760000	37
37	0.760000	38
38	0.760000	39
39	0.760000	40
40	0.760000	41
41	0.760000	42
42	0.760000	43
43	0.760000	44
44	0.760000	45
45	0.760000	46
46	0.760000	47
47	0.760000	48
48	0.760000	49
49	0.760000	50
50	0.760000	51
51	0.760000	52
52	0.760000	53
53	0.760000	54
54	0.760000	55
55	0.760000	56
56	0.760000	57
57	0.760000	58
58	0.760000	59
59	0.760000	60
60	0.760000	61
61	0.760000	62
62	0.760000	63
63	0.760000	64

0	0.770000	1
1	0.770000	2
2	0.770000	3
3	0.770000	4
4	0.770000	5
5	0.770000	6
6	0.770000	7
7	0.770000	8
8	0.770000	9
9	0.770000	10
10	0.770000	11
11	0.770000	12
12	0.770000	13
13	0.770000	14
14	0.770000	15
15	0.770000	16
16	0.770000	17
17	0.770000	18
18	0.770000	19
19	0.770000	20
20	0.770000	21
21	0.770000	22
22	0.770000	23
23	0.770000	24
24	0.770000	25
25	0.770000	26
26	0.770000	27
27	0.770000	28
28	0.770000	29
29	0.770000	30
30	0.770000	31
31	0.770000	32
32	0.770000	33
33	0.770000	34
34	0.770000	35
35	0.770000	36
36	0.770000	37
37	0.770000	38
38	0.770000	39
39	0.770000	40
40	0.770000	41
41	0.770000	42
42	0.770000	43
43	0.770000	44
44	0.770000	45
45	0.770000	46
46	0.770000	47
47	0.770000	48
48	0.770000	49
49	0.770000	50
50	0.770000	51
51	0.770000	52
52	0.770000	53
53	0.770000	54
54	0.770000	55
55	0.770000	56
56	0.770000	57
57	0.770000	58
58	0.770000	59
59	0.770000	60
60	0.770000	61
61	0.770000	62
62	0.770000	63
63	0.770000	64

0	0.780000	1
1	0.780000	2
2	0.780000	3
3	0.780000	4
4	0.780000	5
5	0.780000	6
6	0.780000	7
7	0.780000	8
8	0.780000	9
9	0.780000	10
10	0.780000	11
11	0.780000	12
12	0.780000	13
13	0.780000	14
14	0.780000	15
15	0.780000	16
16	0.780000	17
17	0.780000	18
18	0.780000	19
19	0.780000	20
20	0.780000	21
21	0.780000	22
22	0.780000	23
23	0.780000	24
24	0.780000	25
25	0.780000	26
26	0.780000	27
27	0.780000	28
28	0.780000	29
29	0.780000	30
30	0.780000	31
31	0.780000	32
32	0.780000	33
33	0.780000	34
34	0.780000	35
35	0.780000	36
36	0.780000	37
37	0.780000	38
38	0.780000	39
39	0.780000	40
40	0.780000	41
41	0.780000	42
42	0.780000	43
43	0.780000	44
44	0.780000	45
45	0.780000	46
46	0.780000	47
47	0.780000	48
48	0.780000	49
49	0.780000	50
50	0.780000	51
51	0.780000	52
52	0.780000	53
53	0.780000	54
54	0.780000	55
55	0.780000	56
56	0.780000	57
57	0.780000	58
58	0.780000	59
59	0.780000	60
60	0.780000	61
61	0.780000	62
62	0.780000	63
63	0.780000	64

0	0.790000	1
1	0.790000	2
2	0.790000	3
3	0.790000	4
4	0.790000	5
5	0.790000	6
6	0.790000	7
7	0.790000	8
8	0.790000	9
9	0.790000	10
10	0.790000	11
11	0.790000	12
12	0.790000	13
13	0.790000	14
14	0.790000	15
15	0.790000	16
16	0.790000	17
17	0.790000	18
18	0.790000	19
19	0.790000	20
20	0.790000	21
21	0.790000	22
22	0.790000	23
23	0.790000	24
24	0.790000	25
25	0.790000	26
26	0.790000	27
27	0.790000	28
28	0.790000	29
29	0.790000	30
30	0.790000	31
31	0.790000	32
32	0.790000	33
33	0.790000	34
34	0.790000	35
35	0.790000	36
36	0.790000	37
37	0.790000	38
38	0.790000	39
39	0.790000	40
40	0.790000	41
41	0.790000	42
42	0.790000	43
43	0.790000	44
44	0.790000	45
45	0.790000	46
46	0.790000	47
47	0.790000	48
48	0.790000	49
49	0.790000	50
50	0.790000	51
51	0.790000	52
52	0.790000	53
53	0.790000	54
54	0.790000	55
55	0.790000	56
56	0.790000	57
57	0.790000	58
58	0.790000	59
59	0.790000	60
60	0.790000	61
61	0.790000	62
62	0.790000	63
63	0.790000	64

0	0.800000	1
1	0.800000	2
2	0.800000	3
3	0.800000	4
4	0.800000	5
5	0.800000	6
6	0.800000	7
7	0.800000	8
8	0.800000	9
9	0.800000	10
10	0.800000	11
11	0.800000	12
12	0.800000	13
13	0.800000	14
14	0.800000	15
15	0.800000	16
16	0.800000	17
17	0.800000	18
18	0.800000	19
19	0.800000	20
20	0.800000	21
21	0.800000	22
22	0.800000	23
23	0.800000	24
24	0.800000	25
25	0.800000	26
26	0.800000	27
27	0.800000	28
28	0.800000	29
29	0.800000	30
30	0.800000	31
31	0.800000	32
32	0.800000	33
33	0.800000	34
34	0.800000	35
35	0.800000	36
36	0.800000	37
37	0.800000	38
38	0.800000	39
39	0.800000	40
40	0.800000	41
41	0.800000	42
42	0.800000	43
43	0.800000	44
44	0.800000	45
45	0.800000	46
46	0.800000	47
47	0.800000	48
48	0.800000	49
49	0.800000	50
50	0.800000	51
51	0.800000	52
52	0.800000	53
53	0.800000	54
54	0.800000	55
55	0.800000	56
56	0.800000	57
57	0.800000	58
58	0.800000	59
59	0.800000	60
60	0.800000	61
61	0.800000	62
62	0.800000	63
63	0.800000	64

0	0.810000	1
1	0.810000	2
2	0.810000	3
3	0.810000	4
4	0.810000	5
5	0.810000	6
6	0.810000	7
7	0.810000	8
8	0.810000	9
9	0.810000	10
10	0.810000	11
11	0.810000	12
12	0.810000	13
13	0.810000	14
14	0.810000	15
15	0.810000	16
16	0.810000	17
17	0.810000	18
18	0.810000	19
19	0.810000	20
20	0.810000	21
21	0.810000	22
22	0.810000	23
23	0.810000	24
24	0.810000	25
25	0.810000	26
26	0.810000	27
27	0.810000	28
28	0.810000	29
29	0.810000	30
30	0.810000	31
31	0.810000	32
32	0.810000	33
33	0.810000	34
34	0.810000	35
35	0.810000	36
36	0.810000	37
37	0.810000	38
38	0.810000	39
39	0.810000	40
40	0.810000	41
41	0.810000	42
42	0.810000	43
43	0.810000	44
44	0.810000	45
45	0.810000	46
46	0.810000	47
47	0.810000	48
48	0.810000	49
49	0.810000	50
50	0.810000	51
51	0.810000	52
52	0.810000	53
53	0.810000	54
54	0.810000	55
55	0.810000	56
56	0.810000	57
57	0.810000	58
58	0.810000	59
59	0.810000	60
60	0.810000	61
61	0.810000	62
62	0.810000	63
63	0.810000	64

0	0.820000	1
1	0.820000	2
2	0.820000	3
3	0.820000	4
4	0.820000	5
5	0.820000	6
6	0.820000	7
7	0.820000	8
8	0.820000	9
9	0.820000	10
10	0.820000	11
11	0.820000	12
12	0.820000	13
13	0.820000	14
14	0.820000	15
15	0.820000	16
16	0.820000	17
17	0.820000	18
18	0.820000	19
19	0.820000	20
20	0.820000	21
21	0.820000	22
22	0.820000	23
23	0.820000	24
24	0.820000	25
25	0.820000	26
26	0.820000	27
27	0.820000	28
28	0.820000	29
29	0.820000	30
30	0.820000	31
31	0.820000	32
32	0.820000	33
33	0.820000	34
34	0.820000	35
35	0.820000	36
36	0.820000	37
37	0.820000	38
38	0.820000	39
39	0.820000	40
40	0.820000	41
41	0.820000	42
42	0.820000	43
43	0.820000	44
44	0.820000	45
45	0.820000	46
46	0.820000	47
47	0.820000	48
48	0.820000	49
49	0.820000	50
50	0.820000	51
51	0.820000	52
52	0.820000	53
53	0.820000	54
54	0.820000	55
55	0.820000	56
56	0.820000	57
57	0.820000	58
58	0.820000	59
59	0.820000	60
60	0.820000	61
61	0.820000	62
62	0.820000	63
63	0.820000	64

0	0.830000	1
1	0.830000	2
2	0.830000	3
3	0.830000	4
4	0.830000	5
5	0.830000	6
6	0.830000	7
7	0.830000	8
8	0.830000	9
9	0.830000	10
10	0.830000	11
11	0.830000	12
12	0.830000	13
13	0.830000	14
14	0.830000	15
15	0.830000	16
16	0.830000	17
17	0.830000	18
18	0.830000	19
19	0.830000	20
20	0.830000	21
21	0.830000	22
22	0.830000	23
23	0.830000	24
24	0.830000	25
25	0.830000	26
26	0.830000	27
27	0.830000	28
28	0.830000	29
29	0.830000	30
30	0.830000	31
31	0.830000	32
32	0.830000	33
33	0.830000	34
34	0.830000	35
35	0.830000	36
36	0.830000	37
37	0.830000	38
38	0.830000	39
39	0.830000	40
40	0.830000	41
41	0.830000	42
42	0.830000	43
43	0.830000	44
44	0.830000	45
45	0.830000	46
46	0.830000	47
47	0.830000	48
48	0.830000	49
49	0.830000	50
50	0.830000	51
51	0.830000	52
52	0.830000	53
53	0.830000	54
54	0.830000	55
55	0.830000	56
56	0.830000	57
57	0.830000	58
58	0.830000	59
59	0.830000	60
60	0.830000	61
61	0.830000	62
62	0.830000	63
63	0.830000	64

0	0.840000	1
1	0.840000	2
2	0.840000	3
3	0.840000	4
4	0.840000	5
5	0.840000	6
6	0.840000	7
7	0.840000	8
8	0.840000	9
9	0.840000	10
10	0.840000	11
11	0.840000	12
12	0.840000	13
13	0.840000	14
14	0.840000	15
15	0.840000	16
16	0.840000	17
17	0.840000	18
18	0.840000	19
19	0.840000	20
20	0.840000	21
21	0.840000	22
22	0.840000	23
23	0.840000	24
24	0.840000	25
25	0.840000	26
26	0.840000	27
27	0.840000	28
28	0.840000	29
29	0.840000	30
30	0.840000	31
31	0.840000	32
32	0.840000	33
33	0.840000	34
34	0.840000	35
35	0.840000	36
36	0.840000	37
37	0.840000	38
38	0.840000	39
39	0.840000	40
40	0.840000	41
41	0.840000	42
42	0.840000	43
43	0.840000	44
44	0.840000	45
45	0.840000	46
46	0.840000	47
47	0.840000	48
48	0.840000	49
49	0.840000	50
50	0.840000	51
51	0.840000	52
52	0.840000	53
53	0.840000	54
54	0.840000	55
55	0.840000	56
56	0.840000	57
57	0.840000	58
58	0.840000	59
59	0.840000	60
60	0.840000	61
61	0.840000	62
62	0.840000	63
63	0.840000	64

0	0.850000	1
1	0.850000	2
2	0.850000	3
3	0.850000	4
4	0.850000	5
5	0.850000	6
6	0.850000	7
7	0.850000	8
8	0.850000	9
9	0.850000	10
10	0.850000	11
11	0.850000	12
12	0.850000	13
13	0.850000	14
14	0.850000	15
15	0.850000	16
16	0.850000	17
17	0.850000	18
18	0.850000	19
19	0.850000	20
20	0.850000	21
21	0.850000	22
22	0.850000	23
23	0.850000	24
24	0.850000	25
25	0.850000	26
26	0.850000	27
27	0.850000	28
28	0.850000	29
29	0.850000	30
30	0.850000	31
31	0.850000	32
32	0.850000	33
33	0.850000	34
34	0.850000	35
35	0.850000	36
36	0.850000	37
37	0.850000	38
38	0.850000	39
39	0.850000	40
40	0.850000	41
41	0.850000	42
42	0.850000	43
43	0.850000	44
44	0.850000	45
45	0.850000	46
46	0.850000	47
47	0.850000	48
48	0.850000	49
49	0.850000	50
50	0.850000	51
51	0.850000	52
52	0.850000	53
53	0.850000	54
54	0.850000	55
55	0.850000	56
56	0.850000	57
57	0.850000	58
58	0.850000	59
59	0.850000	60
60	0.850000	61
61	0.850000	62
62	0.850000	63
63	0.850000	64

0	0.860000	1
1	0.860000	2
2	0.860000	3
3	0.860000	4
4	0.860000	5
5	0.860000	6
6	0.860000	7
7	0.860000	8
8	0.860000	9
9	0.860000	10
10	0.860000	11
11	0.860000	12
12	0.860000	13
13	0.860000	14
14	0.860000	15
15	0.860000	16
16	0.860000	17
17	0.860000	18
18	0.860000	19
19	0.860000	20
20	0.860000	21
21	0.860000	22
22	0.860000	23
23	0.860000	24
24	0.860000	25
25	0.860000	26
26	0.860000	27
27	0.860000	28
28	0.860000	29
29	0.860000	30
30	0.860000	31
31	0.860000	32
32	0.860000	33
33	0.860000	34
34	0.860000	35
35	0.860000	36
36	0.860000	37
37	0.860000	38
38	0.860000	39
39	0.860000	40
40	0.860000	41
41	0.860000	42
42	0.860000	43
43	0.860000	44
44	0.860000	45
45	0.860000	46
46	0.860000	47
47	0.860000	48
48	0.860000	49
49	0.860000	50
50	0.860000	51
51	0.860000	52
52	0.860000	53
53	0.860000	54
54	0.860000	55
55	0.860000	56
56	0.860000	57
57	0.860000	58
58	0.860000	59
59	0.860000	60
60	0.860000	61
61	0.860000	62
62	0.860000	63
63	0.860000	64

0	0.870000	1
1	0.870000	2
2	0.870000	3
3	0.870000	4
4	0.870000	5
5	0.870000	6
6	0.870000	7
7	0.870000	8
8	0.870000	9
9	0.870000	10
10	0.870000	11
11	0.870000	12
12	0.870000	13
13	0.870000	14
14	0.870000	15
15	0.870000	16
16	0.870000	17
17	0.870000	18
18	0.870000	19
19	0.870000	20
20	0.870000	21
21	0.870000	22
22	0.870000	23
23	0.870000	24
24	0.870000	25
25	0.870000	26
26	0.870000	27
27	0.870000	28
28	0.870000	29
29	0.870000	30
30	0.870000	31
31	0.870000	32
32	0.870000	33
33	0.870000	34
34	0.870000	35
35	0.870000	36
36	0.870000	37
37	0.870000	38
38	0.870000	39
39	0.870000	40
40	0.870000	41
41	0.870000	42
42	0.870000	43
43	0.870000	44
44	0.870000	45
45	0.870000	46
46	0.870000	47
47	0.870000	48
48	0.870000	49
49	0.870000	50
50	0.870000	51
51	0.870000	52
52	0.870000	53
53	0.870000	54
54	0.870000	55
55	0.870000	56
56	0.870000	57
57	0.870000	58
58	0.870000	59
59	0.870000	60
60	0.870000	61
61	0.870000	62
62	0.870000	63
63	0.870000	64

0	0.880000	1
1	0.880000	2
2	0.880000	3
3	0.880000	4
4	0.880000	5
5	0.880000	6
6	0.880000	7
7	0.880000	8
8	0.880000	9
9	0.880000	10
10	0.880000	11
11	0.880000	12
12	0.880000	13
13	0.880000	14
14	0.880000	15
15	0.880000	16
16	0.880000	17
17	0.880000	18
18	0.880000	19
19	0.880000	20
20	0.880000	21
21	0.880000	22
22	0.880000	23
23	0.880000	24
24	0.880000	25
25	0.880000	26
26	0.880000	27
27	0.880000	28
28	0.880000	29
29	0.880000	30
30	0.880000	31
31	0.880000	32
32	0.880000	33
33	0.880000	34
34	0.880000	35
35	0.880000	36
36	0.880000	37
37	0.880000	38
38	0.880000	39
39	0.880000	40
40	0.880000	41
41	0.880000	42
42	0.880000	43
43	0.880000	44
44	0.880000	45
45	0.880000	46
46	0.880000	47
47	0.880000	48
48	0.880000	49
49	0.880000	50
50	0.880000	51
51	0.880000	52
52	0.880000	53
53	0.880000	54
54	0.880000	55
55	0.880000	56
56	0.880000	57
57	0.880000	58
58	0.880000	59
59	0.880000	60
60	0.880000	61
61	0.880000	62
62	0.880000	63
63	0.880000	64

0	0.890000	1
1	0.890000	2
2	0.890000	3
3	0.890000	4
4	0.890000	5
5	0.890000	6
6	0.890000	7
7	0.890000	8
8	0.890000	9
9	0.890000	10
10	0.890000	11
11	0.890000	12
12	0.890000	13
13	0.890000	14
14	0.890000	15
15	0.890000	16
16	0.890000	17
17	0.890000	18
18	0.890000	19
19	0.890000	20
20	0.890000	21
21	0.890000	22
22	0.890000	23
23	0.890000	24
24	0.890000	25
25	0.890000	26
26	0.890000	27
27	0.890000	28
28	0.890000	29
29	0.890000	30
30	0.890000	31
31	0.890000	32
32	0.890000	33
33	0.890000	34
34	0.890000	35
35	0.890000	36
36	0.890000	37
37	0.890000	38
38	0.890000	39
39	0.890000	40
40	0.890000	41
41	0.890000	42
42	0.890000	43
43	0.890000	44
44	0.890000	45
45	0.890000	46
46	0.890000	47
47	0.890000	48
48	0.890000	49
49	0.890000	50
50	0.890000	51
51	0.890000	52
52	0.890000	53
53	0.890000	54
54	0.890000	55
55	0.890000	56
56	0.890000	57
57	0.890000	58
58	0.890000	59
59	0.890000	60
60	0.890000	61
61	0.890000	62
62	0.890000	63
63	0.890000	64

0	0.900000	1
1	0.900000	2
2	0.900000	3
3	0.900000	4
4	0.900000	5
5	0.900000	6
6	0.900000	7
7	0.900000	8
8	0.900000	9
9	0.900000	10
10	0.900000	11
11	0.900000	12
12	0.900000	13
13	0.900000	14
14	0.900000	15
15	0.900000	16
16	0.900000	17
17	0.900000	18
18	0.900000	19
19	0.900000	20
20	0.900000	21
21	0.900000	22
22	0.900000	23
23	0.900000	24
24	0.900000	25
25	0.900000	26
26	0.900000	27
27	0.900000	28
28	0.900000	29
29	0.900000	30
30	0.900000	31
31	0.900000	32
32	0.900000	33
33	0.900000	34
34	0.900000	35
35	0.900000	36
36	0.900000	37
37	0.900000	38
38	0.900000	39
39	0.900000	40
40	0.900000	41
41	0.900000	42
42	0.900000	43
43	0.900000	44
44	0.900000	45
45	0.900000	46
46	0.900000	47
47	0.900000	48
48	0.900000	49
49	0.900000	50
50	0.900000	51
51	0.900000	52
52	0.900000	53
53	0.900000	54
54	0.900000	55
55	0.900000	56
56	0.900000	57
57	0.900000	58
58	0.900000	59
59	0.900000	60
60	0.900000	61
61	0.900000	62
62	0.900000	63
63	0.900000	64

0	0.910000	1
1	0.910000	2
2	0.910000	3
3	0.910000	4
4	0.910000	5
5	0.910000	6
6	0.910000	7
7	0.910000	8
8	0.910000	9
9	0.910000	10
10	0.910000	11
11	0.910000	12
12	0.910000	13
13	0.910000	14
14	0.910000	15
15	0.910000	16
16	0.910000	17
17	0.910000	18
18	0.910000	19
19	0.910000	20
20	0.910000	21
21	0.910000	22
22	0.910000	23
23	0.910000	24
24	0.910000	25
25	0.910000	26
26	0.910000	27
27	0.910000	28
28	0.910000	29
29	0.910000	30
30	0.910000	31
31	0.910000	32
32	0.910000	33
33	0.910000	34
34	0.910000	35
35	0.910000	36
36	0.910000	37
37	0.910000	38
38	0.910000	39
39	0.910000	40
40	0.910000	41
41	0.910000	42
42	0.910000	43
43	0.910000	44
44	0.910000	45
45	0.910000	46
46	0.910000	47
47	0.910000	48
48	0.910000	49
49	0.910000	50
50	0.910000	51
51	0.910000	52
52	0.910000	53
53	0.910000	54
54	0.910000	55
55	0.910000	56
56	0.910000	57
57	0.910000	58
58	0.910000	59
59	0.910000	60
60	0.910000	61
61	0.910000	62
62	0.910000	63
63	0.910000	64

0	0.920000	1
1	0.920000	2
2	0.920000	3
3	0.920000	4
4	0.920000	5
5	0.920000	6
6	0.920000	7
7	0.920000	8
8	0.920000	9
9	0.920000	10
10	0.920000	11
11	0.920000	12
12	0.920000	13
13	0.920000	14
14	0.920000	15
15	0.920000	16
16	0.920000	17
17	0.920000	18
18	0.920000	19
19	0.920000	20
20	0.920000	21
21	0.920000	22
22	0.920000	23
23	0.920000	24
24	0.920000	25
25	0.920000	26
26	0.920000	27
27	0.920000	28
28	0.920000	29
29	0.920000	30
30	0.920000	31
31	0.920000	32
32	0.920000	33
33	0.920000	34
34	0.920000	35
35	0.920000	36
36	0.920000	37
37	0.920000	38
38	0.920000	39
39	0.920000	40
40	0.920000	41
41	0.920000	42
42	0.920000	43
43	0.920000	44
44	0.920000	45
45	0.920000	46
46	0.920000	47
47	0.920000	48
48	0.920000	49
49	0.920000	50
50	0.920000	51
51	0.920000	52
52	0.920000	53
53	0.920000	54
54	0.920000	55
55	0.920000	56
56	0.920000	57
57	0.920000	58
58	0.920000	59
59	0.920000	60
60	0.920000	61
61	0.920000	62
62	0.920000	63
63	0.920000	64

0	0.930000	1
1	0.930000	2
2	0.930000	3
3	0.930000	4
4	0.930000	5
5	0.930000	6
6	0.930000	7
7	0.930000	8
8	0.930000	9
9	0.930000	10
10	0.930000	11
11	0.930000	12
12	0.930000	13
13	0.930000	14
14	0.930000	15
15	0.930000	16
16	0.930000	17
17	0.930000	18
18	0.930000	19
19	0.930000	20
20	0.930000	21
21	0.930000	22
22	0.930000	23
23	0.930000	24
24	0.930000	25
25	0.930000	26
26	0.930000	27
27	0.930000	28
28	0.930000	29
29	0.930000	30
30	0.930000	31
31	0.930000	32
32	0.930000	33
33	0.930000	34
34	0.930000	35
35	0.930000	36
36	0.930000	37
37	0.930000	38
38	0.930000	39
39	0.930000	40
40	0.930000	41
41	0.930000	42
42	0.930000	43
43	0.930000	44
44	0.930000	45
45	0.930000	46
46	0.930000	47
47	0.930000	48
48	0.930000	49
49	0.930000	50
50	0.930000	51
51	0.930000	52
52	0.930000	53
53	0.930000	54
54	0.930000	55
55	0.930000	56
56	0.930000	57
57	0.930000	58
58	0.930000	59
59	0.930000	60
60	0.930000	61
61	0.930000	62
62	0.930000	63
63	0.930000	64

0	0.940000	1
1	0.940000	2
2	0.940000	3
3	0.940000	4
4	0.940000	5
5	0.940000	6
6	0.940000	7
7	0.940000	8
8	0.940000	9
9	0.940000	10
10	0.940000	11
11	0.940000	12
12	0.940000	13
13	0.940000	14
14	0.940000	15
15	0.940000	16
16	0.940000	17
17	0.940000	18
18	0.940000	19
19	0.940000	20
20	0.940000	21
21	0.940000	22
22	0.940000	23
23	0.940000	24
24	0.940000	25
25	0.940000	26
26	0.940000	27
27	0.940000	28
28	0.940000	29
29	0.940000	30
30	0.940000	31
31	0.940000	32
32	0.940000	33
33	0.940000	34
34	0.940000	35
35	0.940000	36
36	0.940000	37
37	0.940000	38
38	0.940000	39
39	0.940000	40
40	0.940000	41
41	0.940000	42
42	0.940000	43
43	0.940000	44
44	0.940000	45
45	0.940000	46
46	0.940000	47
47	0.940000	48
48	0.940000	49
49	0.940000	50
50	0.940000	51
51	0.940000	52
52	0.940000	53
53	0.940000	54
54	0.940000	55
55	0.940000	56
56	0.940000	57
57	0.940000	58
58	0.940000	59
59	0.940000	60
60	0.940000	61
61	0.940000	62
62	0.940000	63
63	0.940000	64

0	0.950000	1
1	0.950000	2
2	0.950000	3
3	0.950000	4
4	0.950000	5
5	0.950000	6
6	0.950000	7
7	0.950000	8
8	0.950000	9
9	0.950000	10
10	0.950000	11
11	0.950000	12
12	0.950000	13
13	0.950000	14
14	0.950000	15
15	0.950000	16
16	0.950000	17
17	0.950000	18
18	0.950000	19
19	0.950000	20
20	0.950000	21
21	0.950000	22
22	0.950000	23
23	0.950000	24
24	0.950000	25
25	0.950000	26
26	0.950000	27
27	0.950000	28
28	0.950000	29
29	0.950000	30
30	0.950000	31
31	0.950000	32
32	0.950000	33
33	0.950000	34
34	0.950000	35
35	0.950000	36
36	0.950000	37
37	0.950000	38
38	0.950000	39
39	0.950000	40
40	0.950000	41
41	0.950000	42
42	0.950000	43
43	0.950000	44
44	0.950000	45
45	0.950000	46
46	0.950000	47
47	0.950000	48
48	0.950000	49
49	0.950000	50
50	0.950000	51
51	0.950000	52
52	0.950000	53
53	0.950000	54
54	0.950000	55
55	0.950000	56
56	0.950000	57
57	0.950000	58
58	0.950000	59
59	0.950000	60
60	0.950000	61
61	0.950000	62
62	0.950000	63
63	0.950000	64

0	0.960000	1
1	0.960000	2
2	0.960000	3
3	0.960000	4
4	0.960000	5
5	0.960000	6
6	0.960000	7
7	0.960000	8
8	0.960000	9
9	0.960000	10
10	0.960000	11
11	0.960000	12
12	0.960000	13
13	0.960000	14
14	0.960000	15
15	0.960000	16
16	0.960000	17
17	0.960000	18
18	0.960000	19
19	0.960000	20
20	0.960000	21
21	0.960000	22
22	0.960000	23
23	0.960000	24
24	0.960000	25
25	0.960000	26
26	0.960000	27
27	0.960000	28
28	0.960000	29
29	0.960000	30
30	0.960000	31
31	0.960000	32
32	0.960000	33
33	0.960000	34
34	0.960000	35
35	0.960000	36
36	0.960000	37
37	0.960000	38
38	0.960000	39
39	0.960000	40
40	0.960000	41
41	0.960000	42
42	0.960000	43
43	0.960000	44
44	0.960000	45
45	0.960000	46
46	0.960000	47
47	0.960000	48
48	0.960000	49
49	0.960000	50
50	0.960000	51
51	0.960000	52
52	0.960000	53
53	0.960000	54
54	0.960000	55
55	0.960000	56
56	0.960000	57
57	0.960000	58
58	0.960000	59
59	0.960000	60
60	0.960000	61
61	0.960000	62
62	0.960000	63
63	0.960000	64

0	0.970000	1
1	0.970000	2
2	0.970000	3
3	0.970000	4
4	0.970000	5
5	0.970000	6
6	0.970000	7
7	0.970000	8
8	0.970000	9
9	0.970000	10
10	0.970000	11
11	0.970000	12
12	0.970000	13
13	0.970000	14
14	0.970000	15
15	0.970000	16
16	0.970000	17
17	0.970000	18
18	0.970000	19
19	0.970000	20
20	0.970000	21
21	0.970000	22
22	0.970000	23
23	0.970000	24
24	0.970000	25
25	0.970000	26
26	0.970000	27
27	0.970000	28
28	0.970000	29
29	0.970000	30
30	0.970000	31
31	0.970000	32
32	0.970000	33
33	0.970000	34
34	0.970000	35
35	0.970000	36
36	0.970000	37
37	0.970000	38
38	0.970000	39
39	0.970000	40
40	0.970000	41
41	0.970000	42
42	0.970000	43
43	0.970000	44
44	0.970000	45
45	0.970000	46
46	0.970000	47
47	0.970000	48
48	0.970000	49
49	0.970000	50
50	0.970000	51
51	0.970000	52
52	0.970000	53
53	0.970000	54
54	0.970000	55
55	0.970000	56
56	0.970000	57
57	0.970000	58
58	0.970000	59
59	0.970000	60
60	0.970000	61
61	0.970000	62
62	0.970000	63
63	0.970000	64

0	0.980000	1
1	0.980000	2
2	0.980000	3
3	0.980000	4
4	0.980000	5
5	0.980000	6
6	0.980000	7
7	0.980000	8
8	0.980000	9
9	0.980000	10
10	0.980000	11
11	0.980000	12
12	0.980000	13
13	0.980000	14
14	0.980000	15
15	0.980000	16
16	0.980000	17
17	0.980000	18
18	0.980000	19
19	0.980000	20
20	0.980000	21
21	0.980000	22
22	0.980000	23
23	0.980000	24
24	0.980000	25
25	0.980000	26
26	0.980000	27
27	0.980000	28
28	0.980000	29
29	0.980000	30
30	0.980000	31
31	0.980000	32
32	0.980000	33
33	0.980000	34
34	0.980000	35
35	0.980000	36
36	0.980000	37
37	0.980000	38
38	0.980000	39
39	0.980000	40
40	0.980000	41
41	0.980000	42
42	0.980000	43
43	0.980000	44
44	0.980000	45
45	0.980000	46
46	0.980000	47
47	0.980000	48
48	0.980000	49
49	0.980000	50
50	0.980000	51
51	0.980000	52
52	0.980000	53
53	0.980000	54
54	0.980000	55
55	0.980000	56
56	0.980000	57
57	0.980000	58
58	0.980000	59
59	0.980000	60
60	0.980000	61
61	0.980000	62
62	0.980000	63
63	0.980000	64

0	0.990000	1
1	0.990000	2
2	0.990000	3
3	0.990000	4
4	0.990000	5
5	0.990000	6
6	0.990000	7
7	0.990000	8
8	0.990000	9
9	0.990000	10
10	0.990000	11
11	0.990000	12
12	0.990000	13
13	0.990000	14
14	0.990000	15
15	0.990000	16
16	0.990000	17
17	0.990000	18
18	0.990000	19
19	0.990000	20
20	0.990000	21
21	0.990000	22
22	0.990000	23
23	0.990000	24
24	0.990000	25
25	0.990000	26
26	0.990000	27
27	0.990000	28
28	0.990000	29
29	0.990000	30
30	0.990000	31
31	0.990000	32
32	0.990000	33
33	0.990000	34
34	0.990000	35
35	0.990000	36
36	0.990000	37
37	0.990000	38
38	0.990000	39
39	0.990000	40
40	0.990000	41
41	0.990000	42
42	0.990000	43
43	0.990000	44
44	0.990000	45
45	0.990000	46
46	0.990000	47
47	0.990000	48
48	0.990000	49
49	0.990000	50
50	0.990000	51
51	0.990000	52
52	0.990000	53
53	0.990000	54
54	0.990000	55
55	0.990000	56
56	0.990000	57
57	0.990000	58
58	0.990000	59
59	0.990000	60
60	0.990000	61
61	0.990000	62
62	0.990000	63
63	0.990000	64

0	1.000000	1
1	1.000000	2
2	1.000000	3
3	1.000000	4
4	1.000000	5
5	1.000000	6
6	1.000000	7
7	1.000000	8
8	1.000000	9
9	1.000000	10
10	1.000000	11
11	1.000000	12
12	1.000000	13
13	1.000000	14
14	1.000000	15
15	1.000000	16
16	1.000000	17
17	1.000000	18
18	1.000000	19
19	1.000000	20
20	1.000000	21
21	1.000000	22
22	1.000000	23
23	1.000000	24
24	1.000000	25
25	1.000000	26
26	1.000000	27
27	1.000000	28
28	1.000000	29
29	1.000000	30
30	1.000000	31
31	1.000000	32
32	1.000000	33
33	1.000000	34
34	1.000000	35
35	1.000000	36
36	1.000000	37
37	1.000000	38
38	1.000000	39
39	1.000000	40
40	1.000000	41
41	1.000000	42
42	1.000000	43
43	1.000000	44
44	1.000000	45
45	1.000000	46
46	1.000000	47
47	1.000000	48
48	1.000000	49
49	1.000000	50
50	1.000000	51
51	1.000000	52
52	1.000000	53
53	1.000000	54
54	1.000000	55
55	1.000000	56
56	1.000000	57
57	1.000000	58
58	1.000000	59
59	1.000000	60
60	1.000000	61
61	1.000000	62
62	1.000000	63
63	1.000000	64

