r(thres)	L	N	D(dens.)	con_comp	CC(clus.)	check_sum	ave_degr
0.000000	32	2.133333	1.000000		1.000000	8.333333	
0.010000	32	2.133333	1.000000		1.000000	8.333333	
0.020000	32	2.133333	1.000000		1.000000	8.000000	
0.030000	32	0.888889	1.000000		1.000000	5.111111	
0.040000	32	0.888889	1.000000		1.000000	5.000000	
0.050000	32	0.888889	1.000000		1.000000	4.555556	
0.060000	32	0.581818	2.000000		1.000000	3.545455	
0.070000	32	0.581818	2.000000		1.000000	3.090909	
0.080000	32	0.410256	1.000000		1.000000	2.461538	
0.090000	32	0.351648	1.000000		1.000000	2.000000	
0.100000	32	0.351648	1.000000		1.000000	1.785714	
0.110000	32	0.266667	1.000000		1.000000	1.312500	
0.120000	32	0.187135	1.000000		1.000000	0.894737	
0.130000	32	0.187135	1.000000		1.000000	0.684211	
0.140000	32	0.152381	2.000000		1.000000	0.571429	
0.150000	32	0.126482	2.000000		1.000000	0.434783	
0.160000	32	0.106667	2.000000		1.000000	0.200000	
0.170000	32	0.078818	3.000000		1.000000	0.137931	
0.180000	32	0.064516	3.000000		1.000000	0.093750	
0.190000	32	0.060606	4.000000		1.000000	0.060606	
0.200000	32	0.057041	5.000000		1.000000	0.029412	
0.210000	32	0.064516	5.000000		1.000000	0.031250	
0.220000	32	0.043185	8.000000		1.000000	0.025641	
0.230000	32	0.060606	4.000000		1.000000	0.030303	
0.240000	32	0.050794	7.000000		1.000000	0.055556	
0.250000	32	0.050794	7.000000		1.000000	0.027778	
0.260000	32	0.048048	8.000000		1.000000	0.027027	
0.270000	32	0.048048	6.000000		1.000000	0.027027	
0.280000	32	0.057041	5.000000		1.000000	0.029412	
0.290000	32	0.057041	3.000000		1.000000	0.029412	
0.300000	32	0.050794	7.000000		1.000000	0.027778	
0.310000	32	0.064516	5.000000		1.000000	0.031250	
0.320000	32	0.078818	2.000000		1.000000	0.068966	
0.330000	32	0.068817	2.000000		1.000000	0.032258	
0.340000	32	0.091168	2.000000		1.000000	0.074074	
0.350000	32	0.078818	3.000000		1.000000	0.034483	
0.360000	32	0.115942	1.000000		1.000000	0.041667	
0.370000	32	0.115942	2.000000		1.000000	0.041667	
0.380000	32	0.152381	2.000000		1.000000	0.095238	
0.390000	32	0.152381	1.000000		1.000000	0.047619	
0.400000	32	0.209150	2.000000		1.000000	0.055556	
0.410000	32	0.266667	1.000000		1.000000	0.062500	
0.420000	32	0.351648	1.000000		1.000000	0.142857	
0.430000	32	0.351648	1.000000		1.000000	0.071429	
0.440000	32	0.484848	1.000000		1.000000	0.166667	
0.450000	32	0.581818	1.000000		1.000000	0.181818	
0.460000	32	0.581818	1.000000		1.000000	0.090909	
0.470000	32	0.711111	1.000000		1.000000	0.200000	
0.480000	32	0.888889	1.000000		1.000000	0.111111	
0.490000	32	1.523810	1.000000		1.000000	0.571429	
0.500000	32	1.142857	1.000000		1.000000	0.375000	
0.510000	32	1.523810	1.000000		1.000000	0.285714	
0.520000	32	1.142857	1.000000		1.000000	0.125000	
0.530000	32	2.133333	1.000000		1.000000	0.333333	
0.540000	32	3.200000	1.000000		1.000000	0.600000	
0.550000	32	3.200000	1.000000		1.000000	0.400000	
0.560000	32	3.200000	1.000000		1.000000	0.200000	
0.570000	32	5.333333	1.000000		1.000000	1.250000	
0.580000	32	5.333333	1.000000		1.000000	0.750000	
0.590000	32	5.333333	1.000000		1.000000	0.250000	
0.600000	32	5.333333	1.000000		1.000000	0.250000	
0.610000	32	10.666667	1.000000		1.000000	0.333333	
0.620000	32	10.666667	1.000000		1.000000	0.333333	
0.630000	32	10.666667	1.000000		1.000000	0.333333	
0.640000	32	32.000000	1.000000		1.000000	11.000000	
0.650000	32	32.000000	1.000000		1.000000	10.000000	
0.660000	32	32.000000	1.000000		1.000000	8.000000	
0.670000	32	32.000000	1.000000		1.000000	8.000000	
0.680000	32	32.000000	1.000000		1.000000	7.000000	
0.690000	32	32.000000	1.000000		1.000000	6.000000	
0.700000	32	32.000000	1.000000		1.000000	2.000000	
0.710000	32	32.000000	1.000000		1.000000	1.000000	
0.720000	32	32.000000	1.000000		1.000000	1.000000	
0.730000	32	0.000000	1.000000		1.000000	64.000000	
0.740000	32	0.000000	1.000000		1.000000	64.000000	
0.750000	32	0.000000	1.000000		1.000000	64.000000	
0.760000	32	0.000000	1.000000		1.000000	64.000000	
0.770000	32	0.000000	1.000000		1.000000	64.000000	
0.780000	32	0.000000	1.000000		1.000000	64.000000	
0.790000	32	0.000000	1.000000		1.000000	64.000000	
0.800000	32	0.000000	1.000000		1.000000	64.000000	
0.810000	32	0.000000	1.000000		1.000000	64.000000	
0.820000	32	0.000000	1.000000		1.000000	64.000000	
0.830000	32	0.000000	1.000000		1.000000	64.000000	
0.840000	32	0.000000	1.000000		1.000000	64.000000	
0.850000	32	0.000000	1.000000		1.000000	64.000000	
0.860000	32	0.000000	1.000000		1.000000	64.000000	
0.870000	32	0.000000	1.000000		1.000000	64.000000	
0.880000	32	0.000000	1.000000		1.000000	64.000000	
0.890000	32	0.000000	1.000000		1.000000	64.000000	
0.900000	32	0.000000	1.000000		1.000000	64.000000	
0.910000	32	0.000000	1.000000		1.000000	64.000000	
0.920000	32	0.000000	1.000000		1.000000	64.000000	
0.930000	32	0.000000	1.000000		1.000000	64.000000	
0.940000	32	0.000000	1.000000		1.000000	64.000000	
0.950000	32	0.000000	1.000000		1.000000	64.000000	
0.960000	32	0.000000	1.000000		1.000000	64.000000	
0.970000	32	0.000000	1.000000		1.000000	64.000000	
0.980000	32	0.000000	1.000000		1.000000	64.000000	
0.990000	32	0.000000	1.000000		1.000000	64.000000	
1.000000	32	0.000000	1.000000		1.000000	64.000000	
