1	0.200000	0.980836
2	0.200000	0.977933
3	0.200000	0.876697
4	0.200000	0.883908
5	0.200000	0.908926
6	0.200000	0.935484
7	0.200000	0.957890
8	0.200000	0.909853
9	0.200000	0.979064
10	0.200000	0.911251
11	0.200000	0.914369
12	0.200000	0.916667
13	0.200000	0.889493
14	0.200000	0.939626
15	0.200000	0.905187
16	0.200000	0.856690
17	0.200000	0.878141
18	0.200000	0.923682
19	0.200000	0.915918
20	0.200000	0.916074
21	0.200000	0.940408
22	0.200000	0.893939
23	0.200000	0.892231
24	0.200000	0.905314
25	0.200000	0.878057
26	0.200000	0.983974
27	0.200000	0.890476
28	0.200000	0.974390
29	0.200000	0.939024
30	0.200000	0.978959
31	0.200000	0.901667
32	0.200000	0.915441
33	0.200000	0.886640
34	0.200000	0.862242
35	0.200000	0.963131
36	0.200000	0.974630
37	0.200000	0.912299
38	0.200000	0.903077
39	0.200000	0.903968
40	0.200000	0.912653
41	0.200000	0.967677
42	0.200000	0.863661
43	0.200000	0.989177
44	0.200000	0.913347
45	0.200000	0.921569
46	0.200000	0.897980
47	0.200000	0.873153
48	0.200000	0.891883
49	0.200000	0.887845
50	0.200000	0.854839
51	0.200000	0.918552
52	0.200000	0.937282
53	0.200000	0.902405
54	0.200000	0.892992
55	0.200000	0.917634
56	0.200000	0.874342
57	0.200000	0.900325
58	0.200000	0.924695
59	0.200000	0.901538
60	0.200000	0.892532
61	0.200000	0.870968
62	0.200000	0.942646
63	0.200000	0.949359
64	0.200000	0.982219

1	0.210000	0.968060
2	0.210000	0.971341
3	0.210000	0.865490
4	0.210000	0.867816
5	0.210000	0.902338
6	0.210000	0.912698
7	0.210000	0.949121
8	0.210000	0.893431
9	0.210000	0.963203
10	0.210000	0.920392
11	0.210000	0.909412
12	0.210000	0.926862
13	0.210000	0.883333
14	0.210000	0.947980
15	0.210000	0.917497
16	0.210000	0.848023
17	0.210000	0.865699
18	0.210000	0.913131
19	0.210000	0.909131
20	0.210000	0.915330
21	0.210000	0.922449
22	0.210000	0.893324
23	0.210000	0.883442
24	0.210000	0.900000
25	0.210000	0.868571
26	0.210000	0.982456
27	0.210000	0.877841
28	0.210000	0.968961
29	0.210000	0.927800
30	0.210000	0.956410
31	0.210000	0.889328
32	0.210000	0.875000
33	0.210000	0.873440
34	0.210000	0.856497
35	0.210000	0.953488
36	0.210000	0.961416
37	0.210000	0.894479
38	0.210000	0.876667
39	0.210000	0.899287
40	0.210000	0.892027
41	0.210000	0.959831
42	0.210000	0.845628
43	0.210000	0.980769
44	0.210000	0.905732
45	0.210000	0.910588
46	0.210000	0.903469
47	0.210000	0.866667
48	0.210000	0.895686
49	0.210000	0.876660
50	0.210000	0.842676
51	0.210000	0.905732
52	0.210000	0.955466
53	0.210000	0.896406
54	0.210000	0.880645
55	0.210000	0.911765
56	0.210000	0.873166
57	0.210000	0.881818
58	0.210000	0.920441
59	0.210000	0.880000
60	0.210000	0.888889
61	0.210000	0.860920
62	0.210000	0.937681
63	0.210000	0.940385
64	0.210000	0.983193

1	0.220000	0.940767
2	0.220000	0.965385
3	0.220000	0.858464
4	0.220000	0.849206
5	0.220000	0.901596
6	0.220000	0.890313
7	0.220000	0.934783
8	0.220000	0.887881
9	0.220000	0.944444
10	0.220000	0.914286
11	0.220000	0.894510
12	0.220000	0.956257
13	0.220000	0.864286
14	0.220000	0.942968
15	0.220000	0.918118
16	0.220000	0.834015
17	0.220000	0.872391
18	0.220000	0.910931
19	0.220000	0.896618
20	0.220000	0.926437
21	0.220000	0.906122
22	0.220000	0.876996
23	0.220000	0.867532
24	0.220000	0.936538
25	0.220000	0.860386
26	0.220000	0.975107
27	0.220000	0.856855
28	0.220000	0.969219
29	0.220000	0.915655
30	0.220000	0.943812
31	0.220000	0.877193
32	0.220000	0.900000
33	0.220000	0.855114
34	0.220000	0.850877
35	0.220000	0.958537
36	0.220000	0.957027
37	0.220000	0.883164
38	0.220000	0.894737
39	0.220000	0.884946
40	0.220000	0.905769
41	0.220000	0.947735
42	0.220000	0.836441
43	0.220000	0.944444
44	0.220000	0.895510
45	0.220000	0.903912
46	0.220000	0.898039
47	0.220000	0.854978
48	0.220000	0.878776
49	0.220000	0.874118
50	0.220000	0.835451
51	0.220000	0.895294
52	0.220000	0.942390
53	0.220000	0.885976
54	0.220000	0.868227
55	0.220000	0.895173
56	0.220000	0.868235
57	0.220000	0.881901
58	0.220000	0.936538
59	0.220000	0.861660
60	0.220000	0.905187
61	0.220000	0.841538
62	0.220000	0.928283
63	0.220000	0.937302
64	0.220000	0.977419

1	0.230000	0.945412
2	0.230000	0.955128
3	0.230000	0.837879
4	0.230000	0.847826
5	0.230000	0.892929
6	0.230000	0.900000
7	0.230000	0.930303
8	0.230000	0.873725
9	0.230000	0.923810
10	0.230000	0.898384
11	0.230000	0.876471
12	0.230000	0.956815
13	0.230000	0.853801
14	0.230000	0.955128
15	0.230000	0.907557
16	0.230000	0.827381
17	0.230000	0.868287
18	0.230000	0.897898
19	0.230000	0.910256
20	0.230000	0.925725
21	0.230000	0.902211
22	0.230000	0.858853
23	0.230000	0.847727
24	0.230000	0.920635
25	0.230000	0.849013
26	0.230000	0.975630
27	0.230000	0.849425
28	0.230000	0.960504
29	0.230000	0.924370
30	0.230000	0.926743
31	0.230000	0.890476
32	0.230000	0.885714
33	0.230000	0.837302
34	0.230000	0.837406
35	0.230000	0.946951
36	0.230000	0.945993
37	0.230000	0.863933
38	0.230000	0.894737
39	0.230000	0.867742
40	0.230000	0.887989
41	0.230000	0.938596
42	0.230000	0.818644
43	0.230000	0.928571
44	0.230000	0.891401
45	0.230000	0.886054
46	0.230000	0.918687
47	0.230000	0.854978
48	0.230000	0.888406
49	0.230000	0.872874
50	0.230000	0.817907
51	0.230000	0.907493
52	0.230000	0.942959
53	0.230000	0.886508
54	0.230000	0.863077
55	0.230000	0.892007
56	0.230000	0.874575
57	0.230000	0.876471
58	0.230000	0.927177
59	0.230000	0.841897
60	0.230000	0.894504
61	0.230000	0.854762
62	0.230000	0.920719
63	0.230000	0.926916
64	0.230000	0.967980

1	0.240000	0.933198
2	0.240000	0.932051
3	0.240000	0.828049
4	0.240000	0.835498
5	0.240000	0.872622
6	0.240000	0.869281
7	0.240000	0.912514
8	0.240000	0.855867
9	0.240000	0.857143
10	0.240000	0.892229
11	0.240000	0.854592
12	0.240000	0.963458
13	0.240000	0.830409
14	0.240000	0.952941
15	0.240000	0.914773
16	0.240000	0.812369
17	0.240000	0.868163
18	0.240000	0.899206
19	0.240000	0.902521
20	0.240000	0.907143
21	0.240000	0.886968
22	0.240000	0.856039
23	0.240000	0.822222
24	0.240000	0.934483
25	0.240000	0.839339
26	0.240000	0.954416
27	0.240000	0.850769
28	0.240000	0.944129
29	0.240000	0.910753
30	0.240000	0.934046
31	0.240000	0.934066
32	0.240000	0.878788
33	0.240000	0.823077
34	0.240000	0.821454
35	0.240000	0.934921
36	0.240000	0.927564
37	0.240000	0.859216
38	0.240000	0.889706
39	0.240000	0.854497
40	0.240000	0.875947
41	0.240000	0.918254
42	0.240000	0.806704
43	0.240000	0.900000
44	0.240000	0.883092
45	0.240000	0.860544
46	0.240000	0.916376
47	0.240000	0.835498
48	0.240000	0.884828
49	0.240000	0.851208
50	0.240000	0.795739
51	0.240000	0.887374
52	0.240000	0.935484
53	0.240000	0.873992
54	0.240000	0.848485
55	0.240000	0.880204
56	0.240000	0.872093
57	0.240000	0.870124
58	0.240000	0.928427
59	0.240000	0.818713
60	0.240000	0.895877
61	0.240000	0.843137
62	0.240000	0.896154
63	0.240000	0.918280
64	0.240000	0.961538

1	0.250000	0.919670
2	0.250000	0.914980
3	0.250000	0.827327
4	0.250000	0.826840
5	0.250000	0.873718
6	0.250000	0.840659
7	0.250000	0.898293
8	0.250000	0.835034
9	0.250000	0.866667
10	0.250000	0.866790
11	0.250000	0.833759
12	0.250000	0.944742
13	0.250000	0.826797
14	0.250000	0.965517
15	0.250000	0.881609
16	0.250000	0.814201
17	0.250000	0.866790
18	0.250000	0.891098
19	0.250000	0.902151
20	0.250000	0.902632
21	0.250000	0.866790
22	0.250000	0.838795
23	0.250000	0.799327
24	0.250000	0.933846
25	0.250000	0.834409
26	0.250000	0.928854
27	0.250000	0.843077
28	0.250000	0.930199
29	0.250000	0.903941
30	0.250000	0.932258
31	0.250000	0.910256
32	0.250000	0.888889
33	0.250000	0.828063
34	0.250000	0.801188
35	0.250000	0.930871
36	0.250000	0.924925
37	0.250000	0.834902
38	0.250000	0.871324
39	0.250000	0.850000
40	0.250000	0.877011
41	0.250000	0.911290
42	0.250000	0.789610
43	0.250000	0.916667
44	0.250000	0.863108
45	0.250000	0.841966
46	0.250000	0.923423
47	0.250000	0.818182
48	0.250000	0.874625
49	0.250000	0.855482
50	0.250000	0.792453
51	0.250000	0.870499
52	0.250000	0.924138
53	0.250000	0.883908
54	0.250000	0.833333
55	0.250000	0.857077
56	0.250000	0.865722
57	0.250000	0.861353
58	0.250000	0.927340
59	0.250000	0.800654
60	0.250000	0.875969
61	0.250000	0.833333
62	0.250000	0.921008
63	0.250000	0.915344
64	0.250000	0.967692

1	0.260000	0.910084
2	0.260000	0.910661
3	0.260000	0.800840
4	0.260000	0.827485
5	0.260000	0.861111
6	0.260000	0.820513
7	0.260000	0.887624
8	0.260000	0.819592
9	0.260000	0.833333
10	0.260000	0.862121
11	0.260000	0.844609
12	0.260000	0.946237
13	0.260000	0.862637
14	0.260000	0.964286
15	0.260000	0.907407
16	0.260000	0.804348
17	0.260000	0.852451
18	0.260000	0.890394
19	0.260000	0.885468
20	0.260000	0.912500
21	0.260000	0.861616
22	0.260000	0.842105
23	0.260000	0.799710
24	0.260000	0.943333
25	0.260000	0.805000
26	0.260000	0.900000
27	0.260000	0.809783
28	0.260000	0.924615
29	0.260000	0.887566
30	0.260000	0.916129
31	0.260000	0.918182
32	0.260000	0.833333
33	0.260000	0.815789
34	0.260000	0.786122
35	0.260000	0.928736
36	0.260000	0.909524
37	0.260000	0.856039
38	0.260000	0.866667
39	0.260000	0.832016
40	0.260000	0.877493
41	0.260000	0.916129
42	0.260000	0.786513
43	0.260000	1.000000
44	0.260000	0.857697
45	0.260000	0.843590
46	0.260000	0.909159
47	0.260000	0.794737
48	0.260000	0.909091
49	0.260000	0.843206
50	0.260000	0.824699
51	0.260000	0.871795
52	0.260000	0.911330
53	0.260000	0.887566
54	0.260000	0.843137
55	0.260000	0.839963
56	0.260000	0.889076
57	0.260000	0.846377
58	0.260000	0.938462
59	0.260000	0.804167
60	0.260000	0.854239
61	0.260000	0.809524
62	0.260000	0.906723
63	0.260000	0.897436
64	0.260000	0.971667

1	0.270000	0.894118
2	0.270000	0.901070
3	0.270000	0.789773
4	0.270000	0.825000
5	0.270000	0.859848
6	0.270000	0.833333
7	0.270000	0.877778
8	0.270000	0.811111
9	0.270000	0.666667
10	0.270000	0.851606
11	0.270000	0.822880
12	0.270000	0.944444
13	0.270000	0.835165
14	0.270000	0.964387
15	0.270000	0.912308
16	0.270000	0.815854
17	0.270000	0.839130
18	0.270000	0.881667
19	0.270000	0.881538
20	0.270000	0.879121
21	0.270000	0.857143
22	0.270000	0.832583
23	0.270000	0.785068
24	0.270000	0.948052
25	0.270000	0.786561
26	0.270000	0.866013
27	0.270000	0.775735
28	0.270000	0.911667
29	0.270000	0.880000
30	0.270000	0.900000
31	0.270000	0.847222
32	0.270000	0.950000
33	0.270000	0.795322
34	0.270000	0.786869
35	0.270000	0.924877
36	0.270000	0.889483
37	0.270000	0.846465
38	0.270000	0.814286
39	0.270000	0.821429
40	0.270000	0.881579
41	0.270000	0.909195
42	0.270000	0.768344
43	0.270000	0.500000
44	0.270000	0.862020
45	0.270000	0.862185
46	0.270000	0.900000
47	0.270000	0.767974
48	0.270000	0.915720
49	0.270000	0.854908
50	0.270000	0.821212
51	0.270000	0.892437
52	0.270000	0.898148
53	0.270000	0.872308
54	0.270000	0.850000
55	0.270000	0.839323
56	0.270000	0.866310
57	0.270000	0.828019
58	0.270000	0.945238
59	0.270000	0.788462
60	0.270000	0.853846
61	0.270000	0.769231
62	0.270000	0.899194
63	0.270000	0.886667
64	0.270000	0.960145

1	0.280000	0.880040
2	0.280000	0.883065
3	0.280000	0.769892
4	0.280000	0.819048
5	0.280000	0.850529
6	0.280000	0.933333
7	0.280000	0.885081
8	0.280000	0.800740
9	0.280000	1.000000
10	0.280000	0.841026
11	0.280000	0.838731
12	0.280000	0.940171
13	0.280000	0.809091
14	0.280000	0.970000
15	0.280000	0.905138
16	0.280000	0.868984
17	0.280000	0.818182
18	0.280000	0.849802
19	0.280000	0.860000
20	0.280000	0.873626
21	0.280000	0.846154
22	0.280000	0.841856
23	0.280000	0.788622
24	0.280000	0.933824
25	0.280000	0.764286
26	0.280000	0.828571
27	0.280000	0.780952
28	0.280000	0.921429
29	0.280000	0.869565
30	0.280000	0.898860
31	0.280000	0.875000
32	0.280000	0.950000
33	0.280000	0.766082
34	0.280000	0.769454
35	0.280000	0.913846
36	0.280000	0.887311
37	0.280000	0.822410
38	0.280000	0.796703
39	0.280000	0.787500
40	0.280000	0.816667
41	0.280000	0.887931
42	0.280000	0.767059
43	0.280000	1.000000
44	0.280000	0.870588
45	0.280000	0.846591
46	0.280000	0.894886
47	0.280000	0.738971
48	0.280000	0.908046
49	0.280000	0.869875
50	0.280000	0.838731
51	0.280000	0.876114
52	0.280000	0.878333
53	0.280000	0.855072
54	0.280000	0.841667
55	0.280000	0.824474
56	0.280000	0.855914
57	0.280000	0.815011
58	0.280000	0.920833
59	0.280000	0.782051
60	0.280000	0.828205
61	0.280000	0.709091
62	0.280000	0.851613
63	0.280000	0.889610
64	0.280000	0.937229

1	0.290000	0.874194
2	0.290000	0.884236
3	0.290000	0.761667
4	0.290000	0.802198
5	0.290000	0.832308
6	0.290000	0.866667
7	0.290000	0.882759
8	0.290000	0.798780
9	0.290000	0.000000
10	0.290000	0.841394
11	0.290000	0.820768
12	0.290000	0.927692
13	0.290000	0.809091
14	0.290000	0.963768
15	0.290000	0.957895
16	0.290000	0.875000
17	0.290000	0.815912
18	0.290000	0.839827
19	0.290000	0.853755
20	0.290000	0.903846
21	0.290000	0.832051
22	0.290000	0.846237
23	0.290000	0.794574
24	0.290000	0.977778
25	0.290000	0.745614
26	0.290000	0.800000
27	0.290000	0.810606
28	0.290000	0.915789
29	0.290000	0.843874
30	0.290000	0.913333
31	0.290000	0.857143
32	0.290000	0.950000
33	0.290000	0.745098
34	0.290000	0.760366
35	0.290000	0.900000
36	0.290000	0.870968
37	0.290000	0.802326
38	0.290000	0.810606
39	0.290000	0.758242
40	0.290000	0.886364
41	0.290000	0.905000
42	0.290000	0.765071
43	0.290000	0.000000
44	0.290000	0.866310
45	0.290000	0.829637
46	0.290000	0.909677
47	0.290000	0.742857
48	0.290000	0.920228
49	0.290000	0.929894
50	0.290000	0.834921
51	0.290000	0.873992
52	0.290000	0.870130
53	0.290000	0.855263
54	0.290000	0.823810
55	0.290000	0.811847
56	0.290000	0.846561
57	0.290000	0.798626
58	0.290000	0.928571
59	0.290000	0.762821
60	0.290000	0.819346
61	0.290000	0.750000
62	0.290000	0.856989
63	0.290000	0.923684
64	0.290000	0.926407

1	0.300000	0.867725
2	0.300000	0.877493
3	0.300000	0.758893
4	0.300000	0.791209
5	0.300000	0.831522
6	0.300000	0.833333
7	0.300000	0.879310
8	0.300000	0.786100
9	0.300000	0.000000
10	0.300000	0.858902
11	0.300000	0.819129
12	0.300000	0.960526
13	0.300000	0.800000
14	0.300000	0.932900
15	0.300000	0.941667
16	0.300000	0.864368
17	0.300000	0.791463
18	0.300000	0.829004
19	0.300000	0.847619
20	0.300000	0.901515
21	0.300000	0.821479
22	0.300000	0.824138
23	0.300000	0.786538
24	0.300000	0.964286
25	0.300000	0.742857
26	0.300000	0.833333
27	0.300000	0.800000
28	0.300000	0.908497
29	0.300000	0.837662
30	0.300000	0.905797
31	0.300000	0.839286
32	0.300000	0.950000
33	0.300000	0.754167
34	0.300000	0.741026
35	0.300000	0.924901
36	0.300000	0.874713
37	0.300000	0.778541
38	0.300000	0.803030
39	0.300000	0.742424
40	0.300000	0.888889
41	0.300000	0.901186
42	0.300000	0.748381
43	0.300000	0.000000
44	0.300000	0.891738
45	0.300000	0.828818
46	0.300000	0.901709
47	0.300000	0.730769
48	0.300000	0.931159
49	0.300000	0.912308
50	0.300000	0.832442
51	0.300000	0.861290
52	0.300000	0.915205
53	0.300000	0.839181
54	0.300000	0.833333
55	0.300000	0.801829
56	0.300000	0.836667
57	0.300000	0.796795
58	0.300000	0.933333
59	0.300000	0.780303
60	0.300000	0.817460
61	0.300000	0.708333
62	0.300000	0.867521
63	0.300000	0.918421
64	0.300000	0.931579

1	0.310000	0.843077
2	0.310000	0.853846
3	0.310000	0.757310
4	0.310000	0.763636
5	0.310000	0.816667
6	0.310000	0.950000
7	0.310000	0.876068
8	0.310000	0.767881
9	0.310000	0.000000
10	0.310000	0.848790
11	0.310000	0.810753
12	0.310000	0.937500
13	0.310000	0.800000
14	0.310000	0.942857
15	0.310000	0.919048
16	0.310000	0.857143
17	0.310000	0.801802
18	0.310000	0.807143
19	0.310000	0.863971
20	0.310000	0.856061
21	0.310000	0.807057
22	0.310000	0.796552
23	0.310000	0.787538
24	0.310000	0.966667
25	0.310000	0.711538
26	0.310000	0.750000
27	0.310000	0.781818
28	0.310000	0.887500
29	0.310000	0.818421
30	0.310000	0.889328
31	0.310000	0.785714
32	0.310000	0.916667
33	0.310000	0.752747
34	0.310000	0.750000
35	0.310000	0.922078
36	0.310000	0.869231
37	0.310000	0.769872
38	0.310000	0.765152
39	0.310000	0.690909
40	0.310000	0.904762
41	0.310000	0.911905
42	0.310000	0.753049
43	0.310000	0.000000
44	0.310000	0.887352
45	0.310000	0.853846
46	0.310000	0.892308
47	0.310000	0.730769
48	0.310000	0.934211
49	0.310000	0.903333
50	0.310000	0.854680
51	0.310000	0.866154
52	0.310000	0.897661
53	0.310000	0.830882
54	0.310000	0.803030
55	0.310000	0.786629
56	0.310000	0.816017
57	0.310000	0.788799
58	0.310000	0.933333
59	0.310000	0.754545
60	0.310000	0.813447
61	0.310000	0.690476
62	0.310000	0.855385
63	0.310000	0.900000
64	0.310000	0.926901

1	0.320000	0.831667
2	0.320000	0.857708
3	0.320000	0.731618
4	0.320000	0.781818
5	0.320000	0.798246
6	0.320000	0.900000
7	0.320000	0.867692
8	0.320000	0.756629
9	0.320000	0.000000
10	0.320000	0.816092
11	0.320000	0.809113
12	0.320000	0.942308
13	0.320000	0.791667
14	0.320000	0.961538
15	0.320000	0.835165
16	0.320000	0.860507
17	0.320000	0.787395
18	0.320000	0.824561
19	0.320000	0.849265
20	0.320000	0.845455
21	0.320000	0.802083
22	0.320000	0.763333
23	0.320000	0.787879
24	0.320000	1.000000
25	0.320000	0.712121
26	0.320000	0.750000
27	0.320000	0.718182
28	0.320000	0.876190
29	0.320000	0.798246
30	0.320000	0.876623
31	0.320000	0.809524
32	0.320000	0.916667
33	0.320000	0.788889
34	0.320000	0.738655
35	0.320000	0.905263
36	0.320000	0.867965
37	0.320000	0.756757
38	0.320000	0.750000
39	0.320000	0.681818
40	0.320000	0.833333
41	0.320000	0.907895
42	0.320000	0.743954
43	0.320000	0.000000
44	0.320000	0.844156
45	0.320000	0.838462
46	0.320000	0.858333
47	0.320000	0.766667
48	0.320000	0.956044
49	0.320000	0.880952
50	0.320000	0.818966
51	0.320000	0.868421
52	0.320000	0.880117
53	0.320000	0.829167
54	0.320000	0.809091
55	0.320000	0.779365
56	0.320000	0.830882
57	0.320000	0.770982
58	0.320000	0.933333
59	0.320000	0.745455
60	0.320000	0.782796
61	0.320000	0.690476
62	0.320000	0.832016
63	0.320000	0.886842
64	0.320000	0.903509

1	0.330000	0.823810
2	0.330000	0.847619
3	0.330000	0.692308
4	0.330000	0.688889
5	0.330000	0.809524
6	0.330000	0.900000
7	0.330000	0.871542
8	0.330000	0.770936
9	0.330000	0.000000
10	0.330000	0.798851
11	0.330000	0.799145
12	0.330000	0.942308
13	0.330000	0.777778
14	0.330000	0.955128
15	0.330000	0.903846
16	0.330000	0.820346
17	0.330000	0.768908
18	0.330000	0.825000
19	0.330000	0.833333
20	0.330000	0.836364
21	0.330000	0.800000
22	0.330000	0.785714
23	0.330000	0.768939
24	0.330000	1.000000
25	0.330000	0.696970
26	0.330000	0.750000
27	0.330000	0.766667
28	0.330000	0.851648
29	0.330000	0.783626
30	0.330000	0.854762
31	0.330000	0.733333
32	0.330000	0.833333
33	0.330000	0.803571
34	0.330000	0.742424
35	0.330000	0.881579
36	0.330000	0.861905
37	0.330000	0.768271
38	0.330000	0.696970
39	0.330000	0.732143
40	0.330000	0.900000
41	0.330000	0.886842
42	0.330000	0.729018
43	0.330000	0.000000
44	0.330000	0.830952
45	0.330000	0.835000
46	0.330000	0.866667
47	0.330000	0.777778
48	0.330000	0.950549
49	0.330000	0.845238
50	0.330000	0.836182
51	0.330000	0.860526
52	0.330000	0.882353
53	0.330000	0.814286
54	0.330000	0.800000
55	0.330000	0.766488
56	0.330000	0.823529
57	0.330000	0.770833
58	0.330000	0.950000
59	0.330000	0.763889
60	0.330000	0.758621
61	0.330000	0.690476
62	0.330000	0.816206
63	0.330000	0.875817
64	0.330000	0.874269

1	0.340000	0.815789
2	0.340000	0.824561
3	0.340000	0.698718
4	0.340000	0.722222
5	0.340000	0.790476
6	0.340000	0.916667
7	0.340000	0.856725
8	0.340000	0.746305
9	0.340000	0.000000
10	0.340000	0.776923
11	0.340000	0.810000
12	0.340000	0.954545
13	0.340000	0.750000
14	0.340000	0.963636
15	0.340000	0.977778
16	0.340000	0.797368
17	0.340000	0.775862
18	0.340000	0.785714
19	0.340000	0.903846
20	0.340000	0.861111
21	0.340000	0.782759
22	0.340000	0.755263
23	0.340000	0.760215
24	0.340000	1.000000
25	0.340000	0.694444
26	0.340000	0.666667
27	0.340000	0.732143
28	0.340000	0.856061
29	0.340000	0.794118
30	0.340000	0.842105
31	0.340000	1.000000
32	0.340000	0.000000
33	0.340000	0.766667
34	0.340000	0.722581
35	0.340000	0.878676
36	0.340000	0.850000
37	0.340000	0.754023
38	0.340000	0.700000
39	0.340000	0.700000
40	0.340000	0.916667
41	0.340000	0.885965
42	0.340000	0.715686
43	0.340000	0.000000
44	0.340000	0.870833
45	0.340000	0.813406
46	0.340000	0.839181
47	0.340000	0.857143
48	0.340000	0.929487
49	0.340000	0.794737
50	0.340000	0.837662
51	0.340000	0.866667
52	0.340000	0.912500
53	0.340000	0.791209
54	0.340000	0.777778
55	0.340000	0.743316
56	0.340000	0.807692
57	0.340000	0.775862
58	0.340000	0.950000
59	0.340000	0.785714
60	0.340000	0.740000
61	0.340000	0.666667
62	0.340000	0.821637
63	0.340000	0.852941
64	0.340000	0.852941

1	0.350000	0.829167
2	0.350000	0.823529
3	0.350000	0.744444
4	0.350000	0.722222
5	0.350000	0.794872
6	0.350000	0.833333
7	0.350000	0.792398
8	0.350000	0.736467
9	0.350000	0.000000
10	0.350000	0.751667
11	0.350000	0.814286
12	0.350000	0.963636
13	0.350000	0.736111
14	0.350000	0.945455
15	0.350000	0.977778
16	0.350000	0.845588
17	0.350000	0.764822
18	0.350000	0.802198
19	0.350000	0.856061
20	0.350000	0.861111
21	0.350000	0.774929
22	0.350000	0.753676
23	0.350000	0.720690
24	0.350000	1.000000
25	0.350000	0.767857
26	0.350000	1.000000
27	0.350000	0.714286
28	0.350000	0.833333
29	0.350000	0.783333
30	0.350000	0.824561
31	0.350000	1.000000
32	0.350000	0.000000
33	0.350000	0.900000
34	0.350000	0.706349
35	0.350000	0.854167
36	0.350000	0.852941
37	0.350000	0.725369
38	0.350000	0.709091
39	0.350000	0.800000
40	0.350000	0.750000
41	0.350000	0.874269
42	0.350000	0.707527
43	0.350000	0.000000
44	0.350000	0.893939
45	0.350000	0.784211
46	0.350000	0.827206
47	0.350000	0.900000
48	0.350000	0.909091
49	0.350000	0.833333
50	0.350000	0.790043
51	0.350000	0.878788
52	0.350000	0.895833
53	0.350000	0.772727
54	0.350000	0.777778
55	0.350000	0.756410
56	0.350000	0.825758
57	0.350000	0.751323
58	0.350000	1.000000
59	0.350000	0.900000
60	0.350000	0.763158
61	0.350000	0.750000
62	0.350000	0.775641
63	0.350000	0.889706
64	0.350000	0.867647

1	0.360000	0.833333
2	0.360000	0.854545
3	0.360000	0.736111
4	0.360000	0.711111
5	0.360000	0.788889
6	0.360000	0.000000
7	0.360000	0.819853
8	0.360000	0.727273
9	0.360000	0.000000
10	0.360000	0.750000
11	0.360000	0.797386
12	0.360000	0.955556
13	0.360000	0.736111
14	0.360000	0.955556
15	0.360000	1.000000
16	0.360000	0.865385
17	0.360000	0.755263
18	0.360000	0.769231
19	0.360000	0.875000
20	0.360000	0.833333
21	0.360000	0.740000
22	0.360000	0.872727
23	0.360000	0.700000
24	0.360000	1.000000
25	0.360000	0.733333
26	0.360000	0.500000
27	0.360000	0.733333
28	0.360000	0.805556
29	0.360000	0.720833
30	0.360000	0.790441
31	0.360000	1.000000
32	0.360000	0.000000
33	0.360000	0.900000
34	0.360000	0.711667
35	0.360000	0.770833
36	0.360000	0.805147
37	0.360000	0.735931
38	0.360000	0.711111
39	0.360000	0.666667
40	0.360000	0.666667
41	0.360000	0.850000
42	0.360000	0.713675
43	0.360000	0.000000
44	0.360000	0.922222
45	0.360000	0.779412
46	0.360000	0.804762
47	0.360000	0.900000
48	0.360000	0.955556
49	0.360000	0.818681
50	0.360000	0.810458
51	0.360000	0.911111
52	0.360000	0.878788
53	0.360000	0.844444
54	0.360000	0.694444
55	0.360000	0.728333
56	0.360000	0.787879
57	0.360000	0.744565
58	0.360000	0.916667
59	0.360000	0.900000
60	0.360000	0.722222
61	0.360000	0.750000
62	0.360000	0.772727
63	0.360000	0.854167
64	0.360000	0.816176

1	0.370000	0.818182
2	0.370000	0.803571
3	0.370000	0.736111
4	0.370000	0.750000
5	0.370000	0.750000
6	0.370000	0.000000
7	0.370000	0.851648
8	0.370000	0.748538
9	0.370000	0.000000
10	0.370000	0.722222
11	0.370000	0.808333
12	0.370000	0.900000
13	0.370000	0.750000
14	0.370000	0.972222
15	0.370000	1.000000
16	0.370000	0.856061
17	0.370000	0.725490
18	0.370000	0.916667
19	0.370000	0.875000
20	0.370000	0.904762
21	0.370000	0.745238
22	0.370000	0.818182
23	0.370000	0.701299
24	0.370000	1.000000
25	0.370000	0.750000
26	0.370000	0.500000
27	0.370000	0.700000
28	0.370000	0.928571
29	0.370000	0.720833
30	0.370000	0.770833
31	0.370000	1.000000
32	0.370000	0.000000
33	0.370000	0.900000
34	0.370000	0.701299
35	0.370000	0.785714
36	0.370000	0.795238
37	0.370000	0.736842
38	0.370000	0.736111
39	0.370000	0.666667
40	0.370000	0.666667
41	0.370000	0.838095
42	0.370000	0.708333
43	0.370000	0.000000
44	0.370000	0.910714
45	0.370000	0.787500
46	0.370000	0.814103
47	0.370000	0.866667
48	0.370000	0.922222
49	0.370000	0.833333
50	0.370000	0.804762
51	0.370000	0.946429
52	0.370000	0.877778
53	0.370000	0.844444
54	0.370000	0.736111
55	0.370000	0.713768
56	0.370000	0.800000
57	0.370000	0.752632
58	0.370000	1.000000
59	0.370000	0.866667
60	0.370000	0.743590
61	0.370000	0.666667
62	0.370000	0.755556
63	0.370000	0.857143
64	0.370000	0.804762

1	0.380000	0.855556
2	0.380000	0.785714
3	0.380000	0.732143
4	0.380000	0.785714
5	0.380000	0.650000
6	0.380000	0.000000
7	0.380000	0.846154
8	0.380000	0.725490
9	0.380000	0.000000
10	0.380000	0.742424
11	0.380000	0.804167
12	0.380000	0.902778
13	0.380000	0.714286
14	0.380000	0.958333
15	0.380000	1.000000
16	0.380000	0.833333
17	0.380000	0.730769
18	0.380000	0.910714
19	0.380000	0.800000
20	0.380000	0.785714
21	0.380000	0.732026
22	0.380000	0.777778
23	0.380000	0.689474
24	0.380000	1.000000
25	0.380000	0.750000
26	0.380000	0.500000
27	0.380000	0.750000
28	0.380000	0.880952
29	0.380000	0.704167
30	0.380000	0.723810
31	0.380000	1.000000
32	0.380000	0.000000
33	0.380000	0.900000
34	0.380000	0.704678
35	0.380000	0.776190
36	0.380000	0.766667
37	0.380000	0.730994
38	0.380000	0.722222
39	0.380000	0.666667
40	0.380000	0.666667
41	0.380000	0.829670
42	0.380000	0.701299
43	0.380000	0.000000
44	0.380000	0.839286
45	0.380000	0.790476
46	0.380000	0.769231
47	0.380000	0.833333
48	0.380000	0.911111
49	0.380000	0.958333
50	0.380000	0.814103
51	0.380000	0.976190
52	0.380000	0.844444
53	0.380000	0.761905
54	0.380000	0.708333
55	0.380000	0.722944
56	0.380000	0.755556
57	0.380000	0.750000
58	0.380000	1.000000
59	0.380000	0.850000
60	0.380000	0.734848
61	0.380000	0.666667
62	0.380000	0.722222
63	0.380000	0.840659
64	0.380000	0.801282

1	0.390000	0.763889
2	0.390000	0.733333
3	0.390000	0.800000
4	0.390000	0.767857
5	0.390000	0.833333
6	0.390000	0.000000
7	0.390000	0.863636
8	0.390000	0.712418
9	0.390000	0.000000
10	0.390000	0.781818
11	0.390000	0.780220
12	0.390000	0.777778
13	0.390000	0.696429
14	0.390000	0.952381
15	0.390000	0.952381
16	0.390000	0.827273
17	0.390000	0.743590
18	0.390000	0.857143
19	0.390000	0.833333
20	0.390000	0.833333
21	0.390000	0.709150
22	0.390000	0.777778
23	0.390000	0.731618
24	0.390000	1.000000
25	0.390000	1.000000
26	0.390000	0.000000
27	0.390000	0.750000
28	0.390000	0.833333
29	0.390000	0.689394
30	0.390000	0.742424
31	0.390000	1.000000
32	0.390000	0.000000
33	0.390000	0.900000
34	0.390000	0.695833
35	0.390000	0.762821
36	0.390000	0.781818
37	0.390000	0.687500
38	0.390000	0.708333
39	0.390000	0.666667
40	0.390000	0.500000
41	0.390000	0.803030
42	0.390000	0.678363
43	0.390000	0.000000
44	0.390000	0.910714
45	0.390000	0.762821
46	0.390000	0.737179
47	0.390000	0.850000
48	0.390000	0.819444
49	0.390000	0.902778
50	0.390000	0.762821
51	0.390000	1.000000
52	0.390000	0.791667
53	0.390000	0.666667
54	0.390000	0.732143
55	0.390000	0.697619
56	0.390000	0.819444
57	0.390000	0.752381
58	0.390000	1.000000
59	0.390000	0.850000
60	0.390000	0.857143
61	0.390000	0.666667
62	0.390000	0.708333
63	0.390000	0.803030
64	0.390000	0.781818

1	0.400000	0.821429
2	0.400000	0.833333
3	0.400000	0.750000
4	0.400000	0.732143
5	0.400000	0.833333
6	0.400000	0.000000
7	0.400000	0.875000
8	0.400000	0.700000
9	0.400000	0.000000
10	0.400000	0.833333
11	0.400000	0.772727
12	0.400000	0.928571
13	0.400000	0.666667
14	0.400000	0.928571
15	0.400000	0.928571
16	0.400000	0.809091
17	0.400000	0.745455
18	0.400000	0.866667
19	0.400000	0.833333
20	0.400000	0.800000
21	0.400000	0.687500
22	0.400000	0.847222
23	0.400000	0.714286
24	0.400000	0.000000
25	0.400000	1.000000
26	0.400000	0.000000
27	0.400000	0.666667
28	0.400000	0.833333
29	0.400000	0.666667
30	0.400000	0.745455
31	0.400000	1.000000
32	0.400000	0.000000
33	0.400000	0.850000
34	0.400000	0.681319
35	0.400000	0.750000
36	0.400000	0.790909
37	0.400000	0.679167
38	0.400000	0.680556
39	0.400000	0.666667
40	0.400000	0.000000
41	0.400000	0.844444
42	0.400000	0.714286
43	0.400000	0.000000
44	0.400000	1.000000
45	0.400000	0.757576
46	0.400000	0.763636
47	0.400000	0.800000
48	0.400000	0.875000
49	0.400000	0.791667
50	0.400000	0.727273
51	0.400000	1.000000
52	0.400000	0.809524
53	0.400000	0.666667
54	0.400000	0.714286
55	0.400000	0.686842
56	0.400000	0.819444
57	0.400000	0.730769
58	0.400000	0.500000
59	0.400000	0.833333
60	0.400000	0.833333
61	0.400000	0.666667
62	0.400000	0.761905
63	0.400000	0.772727
64	0.400000	0.781818

1	0.410000	0.803571
2	0.410000	1.000000
3	0.410000	0.916667
4	0.410000	0.732143
5	0.410000	0.833333
6	0.410000	0.000000
7	0.410000	0.821429
8	0.410000	0.689394
9	0.410000	0.000000
10	0.410000	0.791667
11	0.410000	0.777778
12	0.410000	0.966667
13	0.410000	0.666667
14	0.410000	0.928571
15	0.410000	0.800000
16	0.410000	0.822222
17	0.410000	0.857143
18	0.410000	0.866667
19	0.410000	0.833333
20	0.410000	0.800000
21	0.410000	0.681319
22	0.410000	0.880952
23	0.410000	0.703297
24	0.410000	0.000000
25	0.410000	1.000000
26	0.410000	0.000000
27	0.410000	0.666667
28	0.410000	0.850000
29	0.410000	0.652778
30	0.410000	0.722222
31	0.410000	1.000000
32	0.410000	0.000000
33	0.410000	0.850000
34	0.410000	0.744444
35	0.410000	0.727273
36	0.410000	0.750000
37	0.410000	0.661905
38	0.410000	0.680556
39	0.410000	0.666667
40	0.410000	0.000000
41	0.410000	0.875000
42	0.410000	0.736364
43	0.410000	0.000000
44	0.410000	0.952381
45	0.410000	0.928571
46	0.410000	0.788889
47	0.410000	0.750000
48	0.410000	0.857143
49	0.410000	0.892857
50	0.410000	0.745455
51	0.410000	0.952381
52	0.410000	0.800000
53	0.410000	0.666667
54	0.410000	0.714286
55	0.410000	0.649123
56	0.410000	0.803571
57	0.410000	0.718182
58	0.410000	0.500000
59	0.410000	0.750000
60	0.410000	0.809524
61	0.410000	0.500000
62	0.410000	0.733333
63	0.410000	0.757576
64	0.410000	0.785714

1	0.420000	0.785714
2	0.420000	1.000000
3	0.420000	1.000000
4	0.420000	0.690476
5	0.420000	0.666667
6	0.420000	0.000000
7	0.420000	0.857143
8	0.420000	0.700000
9	0.420000	0.000000
10	0.420000	0.803571
11	0.420000	0.766667
12	0.420000	0.966667
13	0.420000	0.650000
14	0.420000	0.904762
15	0.420000	1.000000
16	0.420000	0.847222
17	0.420000	0.904762
18	0.420000	0.866667
19	0.420000	0.833333
20	0.420000	0.833333
21	0.420000	0.681818
22	0.420000	0.857143
23	0.420000	0.689394
24	0.420000	0.000000
25	0.420000	0.000000
26	0.420000	0.000000
27	0.420000	0.500000
28	0.420000	0.833333
29	0.420000	0.660714
30	0.420000	0.736111
31	0.420000	1.000000
32	0.420000	0.000000
33	0.420000	0.750000
34	0.420000	0.638889
35	0.420000	0.727273
36	0.420000	0.803571
37	0.420000	0.638095
38	0.420000	0.690476
39	0.420000	0.000000
40	0.420000	0.000000
41	0.420000	0.857143
42	0.420000	0.694444
43	0.420000	0.000000
44	0.420000	0.904762
45	0.420000	0.904762
46	0.420000	0.805556
47	0.420000	0.800000
48	0.420000	0.933333
49	0.420000	0.892857
50	0.420000	0.754545
51	0.420000	0.966667
52	0.420000	0.766667
53	0.420000	1.000000
54	0.420000	0.650000
55	0.420000	0.661905
56	0.420000	0.866667
57	0.420000	0.732143
58	0.420000	0.500000
59	0.420000	0.833333
60	0.420000	0.833333
61	0.420000	0.666667
62	0.420000	0.666667
63	0.420000	0.754545
64	0.420000	0.767857

1	0.430000	0.833333
2	0.430000	1.000000
3	0.430000	1.000000
4	0.430000	0.666667
5	0.430000	0.500000
6	0.430000	0.000000
7	0.430000	0.850000
8	0.430000	0.696429
9	0.430000	0.000000
10	0.430000	0.767857
11	0.430000	0.736111
12	0.430000	1.000000
13	0.430000	0.600000
14	0.430000	0.966667
15	0.430000	1.000000
16	0.430000	0.777778
17	0.430000	0.933333
18	0.430000	0.766667
19	0.430000	1.000000
20	0.430000	0.833333
21	0.430000	0.652778
22	0.430000	0.809524
23	0.430000	0.690909
24	0.430000	0.000000
25	0.430000	0.000000
26	0.430000	0.000000
27	0.430000	0.500000
28	0.430000	0.833333
29	0.430000	0.642857
30	0.430000	0.696429
31	0.430000	1.000000
32	0.430000	0.000000
33	0.430000	0.750000
34	0.430000	0.714286
35	0.430000	0.718182
36	0.430000	0.785714
37	0.430000	0.620879
38	0.430000	0.595238
39	0.430000	0.000000
40	0.430000	0.000000
41	0.430000	0.821429
42	0.430000	0.722222
43	0.430000	0.000000
44	0.430000	0.857143
45	0.430000	0.857143
46	0.430000	0.785714
47	0.430000	0.600000
48	0.430000	0.900000
49	0.430000	0.821429
50	0.430000	0.733333
51	0.430000	1.000000
52	0.430000	0.766667
53	0.430000	1.000000
54	0.430000	0.650000
55	0.430000	0.642857
56	0.430000	1.000000
57	0.430000	0.761905
58	0.430000	0.500000
59	0.430000	0.666667
60	0.430000	0.750000
61	0.430000	0.666667
62	0.430000	0.700000
63	0.430000	0.744444
64	0.430000	0.785714

1	0.440000	0.766667
2	0.440000	1.000000
3	0.440000	1.000000
4	0.440000	0.633333
5	0.440000	0.500000
6	0.440000	0.000000
7	0.440000	0.800000
8	0.440000	0.700000
9	0.440000	0.000000
10	0.440000	0.800000
11	0.440000	0.750000
12	0.440000	1.000000
13	0.440000	0.550000
14	0.440000	0.950000
15	0.440000	1.000000
16	0.440000	0.785714
17	0.440000	0.800000
18	0.440000	0.750000
19	0.440000	1.000000
20	0.440000	0.666667
21	0.440000	0.611111
22	0.440000	0.714286
23	0.440000	0.666667
24	0.440000	0.000000
25	0.440000	0.000000
26	0.440000	0.000000
27	0.440000	0.500000
28	0.440000	0.833333
29	0.440000	0.750000
30	0.440000	0.738095
31	0.440000	1.000000
32	0.440000	0.000000
33	0.440000	0.750000
34	0.440000	0.700000
35	0.440000	0.750000
36	0.440000	0.767857
37	0.440000	0.615385
38	0.440000	0.642857
39	0.440000	0.000000
40	0.440000	0.000000
41	0.440000	0.803571
42	0.440000	0.700000
43	0.440000	0.000000
44	0.440000	1.000000
45	0.440000	0.866667
46	0.440000	0.833333
47	0.440000	0.700000
48	0.440000	0.900000
49	0.440000	0.767857
50	0.440000	0.736111
51	0.440000	0.900000
52	0.440000	0.733333
53	0.440000	1.000000
54	0.440000	0.666667
55	0.440000	0.609890
56	0.440000	1.000000
57	0.440000	0.700000
58	0.440000	0.500000
59	0.440000	0.833333
60	0.440000	0.666667
61	0.440000	0.666667
62	0.440000	0.700000
63	0.440000	0.733333
64	0.440000	0.785714

1	0.450000	0.900000
2	0.450000	1.000000
3	0.450000	1.000000
4	0.450000	0.700000
5	0.450000	0.000000
6	0.450000	0.000000
7	0.450000	1.000000
8	0.450000	0.800000
9	0.450000	0.000000
10	0.450000	1.000000
11	0.450000	0.738095
12	0.450000	1.000000
13	0.450000	0.750000
14	0.450000	1.000000
15	0.450000	1.000000
16	0.450000	0.767857
17	0.450000	0.800000
18	0.450000	0.916667
19	0.450000	0.500000
20	0.450000	0.666667
21	0.450000	0.660714
22	0.450000	0.850000
23	0.450000	0.650000
24	0.450000	0.000000
25	0.450000	0.000000
26	0.450000	0.000000
27	0.450000	0.500000
28	0.450000	1.000000
29	0.450000	0.916667
30	0.450000	0.738095
31	0.450000	0.000000
32	0.450000	0.000000
33	0.450000	0.666667
34	0.450000	0.666667
35	0.450000	0.680556
36	0.450000	0.732143
37	0.450000	0.600000
38	0.450000	0.666667
39	0.450000	0.000000
40	0.450000	0.000000
41	0.450000	0.678571
42	0.450000	0.800000
43	0.450000	0.000000
44	0.450000	1.000000
45	0.450000	0.800000
46	0.450000	0.850000
47	0.450000	0.700000
48	0.450000	0.900000
49	0.450000	0.750000
50	0.450000	0.722222
51	0.450000	0.850000
52	0.450000	0.733333
53	0.450000	0.000000
54	0.450000	0.666667
55	0.450000	0.609091
56	0.450000	1.000000
57	0.450000	0.833333
58	0.450000	0.500000
59	0.450000	0.666667
60	0.450000	0.666667
61	0.450000	0.666667
62	0.450000	0.650000
63	0.450000	0.708333
64	0.450000	0.785714

1	0.460000	0.833333
2	0.460000	1.000000
3	0.460000	1.000000
4	0.460000	0.633333
5	0.460000	0.000000
6	0.460000	0.000000
7	0.460000	1.000000
8	0.460000	0.800000
9	0.460000	0.000000
10	0.460000	1.000000
11	0.460000	0.714286
12	0.460000	1.000000
13	0.460000	0.666667
14	0.460000	1.000000
15	0.460000	1.000000
16	0.460000	0.732143
17	0.460000	1.000000
18	0.460000	0.916667
19	0.460000	0.000000
20	0.460000	0.666667
21	0.460000	0.690476
22	0.460000	0.850000
23	0.460000	0.666667
24	0.460000	0.000000
25	0.460000	0.000000
26	0.460000	0.000000
27	0.460000	0.500000
28	0.460000	1.000000
29	0.460000	0.916667
30	0.460000	0.666667
31	0.460000	0.000000
32	0.460000	0.000000
33	0.460000	0.666667
34	0.460000	0.666667
35	0.460000	0.666667
36	0.460000	0.666667
37	0.460000	0.566667
38	0.460000	0.666667
39	0.460000	0.000000
40	0.460000	0.000000
41	0.460000	0.690476
42	0.460000	0.800000
43	0.460000	0.000000
44	0.460000	1.000000
45	0.460000	0.800000
46	0.460000	0.916667
47	0.460000	0.650000
48	0.460000	0.850000
49	0.460000	0.733333
50	0.460000	0.694444
51	0.460000	0.850000
52	0.460000	0.833333
53	0.460000	0.000000
54	0.460000	0.666667
55	0.460000	0.600000
56	0.460000	1.000000
57	0.460000	0.666667
58	0.460000	0.500000
59	0.460000	0.833333
60	0.460000	0.500000
61	0.460000	0.666667
62	0.460000	0.600000
63	0.460000	0.680556
64	0.460000	0.600000

1	0.470000	0.833333
2	0.470000	0.666667
3	0.470000	1.000000
4	0.470000	0.700000
5	0.470000	0.000000
6	0.470000	0.000000
7	0.470000	1.000000
8	0.470000	0.700000
9	0.470000	0.000000
10	0.470000	1.000000
11	0.470000	0.690476
12	0.470000	1.000000
13	0.470000	0.666667
14	0.470000	1.000000
15	0.470000	1.000000
16	0.470000	0.714286
17	0.470000	0.916667
18	0.470000	0.833333
19	0.470000	0.000000
20	0.470000	0.500000
21	0.470000	0.700000
22	0.470000	0.833333
23	0.470000	0.500000
24	0.470000	0.000000
25	0.470000	0.000000
26	0.470000	0.000000
27	0.470000	0.500000
28	0.470000	0.000000
29	0.470000	1.000000
30	0.470000	0.666667
31	0.470000	0.000000
32	0.470000	0.000000
33	0.470000	0.666667
34	0.470000	0.666667
35	0.470000	0.850000
36	0.470000	0.738095
37	0.470000	0.583333
38	0.470000	0.666667
39	0.470000	0.000000
40	0.470000	0.000000
41	0.470000	0.733333
42	0.470000	0.833333
43	0.470000	0.000000
44	0.470000	0.916667
45	0.470000	0.700000
46	0.470000	0.916667
47	0.470000	0.833333
48	0.470000	0.916667
49	0.470000	0.850000
50	0.470000	0.680556
51	0.470000	0.800000
52	0.470000	0.833333
53	0.470000	0.000000
54	0.470000	0.666667
55	0.470000	0.607143
56	0.470000	1.000000
57	0.470000	0.500000
58	0.470000	0.000000
59	0.470000	0.666667
60	0.470000	0.000000
61	0.470000	0.500000
62	0.470000	0.500000
63	0.470000	0.680556
64	0.470000	0.700000

1	0.480000	0.833333
2	0.480000	1.000000
3	0.480000	1.000000
4	0.480000	0.750000
5	0.480000	0.000000
6	0.480000	0.000000
7	0.480000	1.000000
8	0.480000	0.650000
9	0.480000	0.000000
10	0.480000	1.000000
11	0.480000	0.714286
12	0.480000	1.000000
13	0.480000	0.833333
14	0.480000	1.000000
15	0.480000	1.000000
16	0.480000	0.738095
17	0.480000	0.833333
18	0.480000	0.750000
19	0.480000	0.000000
20	0.480000	0.500000
21	0.480000	0.666667
22	0.480000	0.833333
23	0.480000	0.500000
24	0.480000	0.000000
25	0.480000	0.000000
26	0.480000	0.000000
27	0.480000	0.500000
28	0.480000	0.000000
29	0.480000	1.000000
30	0.480000	0.833333
31	0.480000	0.000000
32	0.480000	0.000000
33	0.480000	0.583333
34	0.480000	0.666667
35	0.480000	0.666667
36	0.480000	0.800000
37	0.480000	0.583333
38	0.480000	0.666667
39	0.480000	0.000000
40	0.480000	0.000000
41	0.480000	0.916667
42	0.480000	0.833333
43	0.480000	0.000000
44	0.480000	1.000000
45	0.480000	0.800000
46	0.480000	0.916667
47	0.480000	0.833333
48	0.480000	0.916667
49	0.480000	0.800000
50	0.480000	0.660714
51	0.480000	0.750000
52	0.480000	0.666667
53	0.480000	0.000000
54	0.480000	0.500000
55	0.480000	0.571429
56	0.480000	1.000000
57	0.480000	0.500000
58	0.480000	0.000000
59	0.480000	0.666667
60	0.480000	0.000000
61	0.480000	0.500000
62	0.480000	0.500000
63	0.480000	0.642857
64	0.480000	0.650000

1	0.490000	0.833333
2	0.490000	1.000000
3	0.490000	0.000000
4	0.490000	0.583333
5	0.490000	0.000000
6	0.490000	0.000000
7	0.490000	1.000000
8	0.490000	0.666667
9	0.490000	0.000000
10	0.490000	1.000000
11	0.490000	0.690476
12	0.490000	0.500000
13	0.490000	0.833333
14	0.490000	1.000000
15	0.490000	1.000000
16	0.490000	0.690476
17	0.490000	0.833333
18	0.490000	1.000000
19	0.490000	0.000000
20	0.490000	0.500000
21	0.490000	1.000000
22	0.490000	0.833333
23	0.490000	0.000000
24	0.490000	0.000000
25	0.490000	0.000000
26	0.490000	0.000000
27	0.490000	0.500000
28	0.490000	0.000000
29	0.490000	1.000000
30	0.490000	0.833333
31	0.490000	0.000000
32	0.490000	0.000000
33	0.490000	0.500000
34	0.490000	0.666667
35	0.490000	0.666667
36	0.490000	0.800000
37	0.490000	0.666667
38	0.490000	0.750000
39	0.490000	0.000000
40	0.490000	0.000000
41	0.490000	1.000000
42	0.490000	0.833333
43	0.490000	0.000000
44	0.490000	1.000000
45	0.490000	0.750000
46	0.490000	0.750000
47	0.490000	0.833333
48	0.490000	0.916667
49	0.490000	0.800000
50	0.490000	0.690476
51	0.490000	0.750000
52	0.490000	0.500000
53	0.490000	0.000000
54	0.490000	0.500000
55	0.490000	0.666667
56	0.490000	1.000000
57	0.490000	0.000000
58	0.490000	0.000000
59	0.490000	0.666667
60	0.490000	0.000000
61	0.490000	0.500000
62	0.490000	0.500000
63	0.490000	0.642857
64	0.490000	0.666667

1	0.500000	0.833333
2	0.500000	1.000000
3	0.500000	0.000000
4	0.500000	0.583333
5	0.500000	0.000000
6	0.500000	0.000000
7	0.500000	1.000000
8	0.500000	0.583333
9	0.500000	0.000000
10	0.500000	0.833333
11	0.500000	0.690476
12	0.500000	1.000000
13	0.500000	0.833333
14	0.500000	0.666667
15	0.500000	0.000000
16	0.500000	0.700000
17	0.500000	0.666667
18	0.500000	1.000000
19	0.500000	0.000000
20	0.500000	0.500000
21	0.500000	1.000000
22	0.500000	0.833333
23	0.500000	0.000000
24	0.500000	0.000000
25	0.500000	0.000000
26	0.500000	0.000000
27	0.500000	0.000000
28	0.500000	0.000000
29	0.500000	1.000000
30	0.500000	0.833333
31	0.500000	0.000000
32	0.500000	0.000000
33	0.500000	0.500000
34	0.500000	0.500000
35	0.500000	0.666667
36	0.500000	0.800000
37	0.500000	0.666667
38	0.500000	0.750000
39	0.500000	0.000000
40	0.500000	0.000000
41	0.500000	1.000000
42	0.500000	1.000000
43	0.500000	0.000000
44	0.500000	0.666667
45	0.500000	0.750000
46	0.500000	0.833333
47	0.500000	0.833333
48	0.500000	0.666667
49	0.500000	0.750000
50	0.500000	0.642857
51	0.500000	0.700000
52	0.500000	0.500000
53	0.500000	0.000000
54	0.500000	0.500000
55	0.500000	0.666667
56	0.500000	1.000000
57	0.500000	0.000000
58	0.500000	0.000000
59	0.500000	0.666667
60	0.500000	0.000000
61	0.500000	0.000000
62	0.500000	0.500000
63	0.500000	0.642857
64	0.500000	0.666667

1	0.510000	0.750000
2	0.510000	1.000000
3	0.510000	0.000000
4	0.510000	0.500000
5	0.510000	0.000000
6	0.510000	0.000000
7	0.510000	0.000000
8	0.510000	1.000000
9	0.510000	0.000000
10	0.510000	1.000000
11	0.510000	0.750000
12	0.510000	0.000000
13	0.510000	0.500000
14	0.510000	0.833333
15	0.510000	0.000000
16	0.510000	0.666667
17	0.510000	1.000000
18	0.510000	1.000000
19	0.510000	0.000000
20	0.510000	0.000000
21	0.510000	1.000000
22	0.510000	0.000000
23	0.510000	0.000000
24	0.510000	0.000000
25	0.510000	0.000000
26	0.510000	0.000000
27	0.510000	0.000000
28	0.510000	0.000000
29	0.510000	1.000000
30	0.510000	0.833333
31	0.510000	0.000000
32	0.510000	0.000000
33	0.510000	0.500000
34	0.510000	0.000000
35	0.510000	0.666667
36	0.510000	0.750000
37	0.510000	1.000000
38	0.510000	0.666667
39	0.510000	0.000000
40	0.510000	0.000000
41	0.510000	1.000000
42	0.510000	1.000000
43	0.510000	0.000000
44	0.510000	1.000000
45	0.510000	0.750000
46	0.510000	0.583333
47	0.510000	0.666667
48	0.510000	1.000000
49	0.510000	0.666667
50	0.510000	0.619048
51	0.510000	0.750000
52	0.510000	0.000000
53	0.510000	0.000000
54	0.510000	0.000000
55	0.510000	0.666667
56	0.510000	0.500000
57	0.510000	0.000000
58	0.510000	0.000000
59	0.510000	0.666667
60	0.510000	0.000000
61	0.510000	0.000000
62	0.510000	0.500000
63	0.510000	0.619048
64	0.510000	0.833333

1	0.520000	0.833333
2	0.520000	1.000000
3	0.520000	0.000000
4	0.520000	0.500000
5	0.520000	0.000000
6	0.520000	0.000000
7	0.520000	0.000000
8	0.520000	1.000000
9	0.520000	0.000000
10	0.520000	1.000000
11	0.520000	0.750000
12	0.520000	0.000000
13	0.520000	0.500000
14	0.520000	0.666667
15	0.520000	0.000000
16	0.520000	0.833333
17	0.520000	1.000000
18	0.520000	0.000000
19	0.520000	0.000000
20	0.520000	0.000000
21	0.520000	1.000000
22	0.520000	0.000000
23	0.520000	0.000000
24	0.520000	0.000000
25	0.520000	0.000000
26	0.520000	0.000000
27	0.520000	0.000000
28	0.520000	0.000000
29	0.520000	0.666667
30	0.520000	1.000000
31	0.520000	0.000000
32	0.520000	0.000000
33	0.520000	0.500000
34	0.520000	0.000000
35	0.520000	0.666667
36	0.520000	0.700000
37	0.520000	1.000000
38	0.520000	0.666667
39	0.520000	0.000000
40	0.520000	0.000000
41	0.520000	1.000000
42	0.520000	1.000000
43	0.520000	0.000000
44	0.520000	1.000000
45	0.520000	0.750000
46	0.520000	0.750000
47	0.520000	0.666667
48	0.520000	0.500000
49	0.520000	0.750000
50	0.520000	0.619048
51	0.520000	1.000000
52	0.520000	0.000000
53	0.520000	0.000000
54	0.520000	0.000000
55	0.520000	0.666667
56	0.520000	0.000000
57	0.520000	0.000000
58	0.520000	0.000000
59	0.520000	0.666667
60	0.520000	0.000000
61	0.520000	0.000000
62	0.520000	0.500000
63	0.520000	0.600000
64	0.520000	0.833333

1	0.530000	0.833333
2	0.530000	1.000000
3	0.530000	0.000000
4	0.530000	0.500000
5	0.530000	0.000000
6	0.530000	0.000000
7	0.530000	0.000000
8	0.530000	0.500000
9	0.530000	0.000000
10	0.530000	1.000000
11	0.530000	0.833333
12	0.530000	0.000000
13	0.530000	0.500000
14	0.530000	1.000000
15	0.530000	0.000000
16	0.530000	0.666667
17	0.530000	1.000000
18	0.530000	0.000000
19	0.530000	0.000000
20	0.530000	0.000000
21	0.530000	0.500000
22	0.530000	0.000000
23	0.530000	0.000000
24	0.530000	0.000000
25	0.530000	0.000000
26	0.530000	0.000000
27	0.530000	0.000000
28	0.530000	0.000000
29	0.530000	0.666667
30	0.530000	0.000000
31	0.530000	0.000000
32	0.530000	0.000000
33	0.530000	0.500000
34	0.530000	0.000000
35	0.530000	0.666667
36	0.530000	0.750000
37	0.530000	0.000000
38	0.530000	0.666667
39	0.530000	0.000000
40	0.530000	0.000000
41	0.530000	1.000000
42	0.530000	0.500000
43	0.530000	0.000000
44	0.530000	1.000000
45	0.530000	0.666667
46	0.530000	0.583333
47	0.530000	0.666667
48	0.530000	1.000000
49	0.530000	0.666667
50	0.530000	0.600000
51	0.530000	1.000000
52	0.530000	0.000000
53	0.530000	0.000000
54	0.530000	0.000000
55	0.530000	0.500000
56	0.530000	0.000000
57	0.530000	0.000000
58	0.530000	0.000000
59	0.530000	0.666667
60	0.530000	0.000000
61	0.530000	0.000000
62	0.530000	0.000000
63	0.530000	0.600000
64	0.530000	0.666667

1	0.540000	0.500000
2	0.540000	0.500000
3	0.540000	0.000000
4	0.540000	0.500000
5	0.540000	0.000000
6	0.540000	0.000000
7	0.540000	0.000000
8	0.540000	1.000000
9	0.540000	0.000000
10	0.540000	1.000000
11	0.540000	0.500000
12	0.540000	0.000000
13	0.540000	0.500000
14	0.540000	0.000000
15	0.540000	0.000000
16	0.540000	1.000000
17	0.540000	1.000000
18	0.540000	0.000000
19	0.540000	0.000000
20	0.540000	0.000000
21	0.540000	0.000000
22	0.540000	0.000000
23	0.540000	0.000000
24	0.540000	0.000000
25	0.540000	0.000000
26	0.540000	0.000000
27	0.540000	0.000000
28	0.540000	0.000000
29	0.540000	0.500000
30	0.540000	0.000000
31	0.540000	0.000000
32	0.540000	0.000000
33	0.540000	0.500000
34	0.540000	0.000000
35	0.540000	0.500000
36	0.540000	0.500000
37	0.540000	0.000000
38	0.540000	0.666667
39	0.540000	0.000000
40	0.540000	0.000000
41	0.540000	0.000000
42	0.540000	1.000000
43	0.540000	0.000000
44	0.540000	1.000000
45	0.540000	0.500000
46	0.540000	0.000000
47	0.540000	0.666667
48	0.540000	0.500000
49	0.540000	0.666667
50	0.540000	0.666667
51	0.540000	1.000000
52	0.540000	0.000000
53	0.540000	0.000000
54	0.540000	0.000000
55	0.540000	0.666667
56	0.540000	0.000000
57	0.540000	0.000000
58	0.540000	0.000000
59	0.540000	0.666667
60	0.540000	0.000000
61	0.540000	0.000000
62	0.540000	0.000000
63	0.540000	0.500000
64	0.540000	0.500000

1	0.550000	0.500000
2	0.550000	0.500000
3	0.550000	0.000000
4	0.550000	0.500000
5	0.550000	0.000000
6	0.550000	0.000000
7	0.550000	0.000000
8	0.550000	1.000000
9	0.550000	0.000000
10	0.550000	0.833333
11	0.550000	0.000000
12	0.550000	0.000000
13	0.550000	0.500000
14	0.550000	0.000000
15	0.550000	0.000000
16	0.550000	0.000000
17	0.550000	0.833333
18	0.550000	0.000000
19	0.550000	0.000000
20	0.550000	0.000000
21	0.550000	0.000000
22	0.550000	0.000000
23	0.550000	0.000000
24	0.550000	0.000000
25	0.550000	0.000000
26	0.550000	0.000000
27	0.550000	0.000000
28	0.550000	0.000000
29	0.550000	0.500000
30	0.550000	0.000000
31	0.550000	0.000000
32	0.550000	0.000000
33	0.550000	0.500000
34	0.550000	0.000000
35	0.550000	0.500000
36	0.550000	0.500000
37	0.550000	0.000000
38	0.550000	0.500000
39	0.550000	0.000000
40	0.550000	0.000000
41	0.550000	0.000000
42	0.550000	1.000000
43	0.550000	0.000000
44	0.550000	0.666667
45	0.550000	0.500000
46	0.550000	0.000000
47	0.550000	0.500000
48	0.550000	0.500000
49	0.550000	0.000000
50	0.550000	0.500000
51	0.550000	0.666667
52	0.550000	0.000000
53	0.550000	0.000000
54	0.550000	0.000000
55	0.550000	0.666667
56	0.550000	0.000000
57	0.550000	0.000000
58	0.550000	0.000000
59	0.550000	0.500000
60	0.550000	0.000000
61	0.550000	0.000000
62	0.550000	0.000000
63	0.550000	0.500000
64	0.550000	0.000000

1	0.560000	0.500000
2	0.560000	0.500000
3	0.560000	0.000000
4	0.560000	0.500000
5	0.560000	0.000000
6	0.560000	0.000000
7	0.560000	0.000000
8	0.560000	1.000000
9	0.560000	0.000000
10	0.560000	1.000000
11	0.560000	0.000000
12	0.560000	0.000000
13	0.560000	0.500000
14	0.560000	0.000000
15	0.560000	0.000000
16	0.560000	0.000000
17	0.560000	0.833333
18	0.560000	0.000000
19	0.560000	0.000000
20	0.560000	0.000000
21	0.560000	0.000000
22	0.560000	0.000000
23	0.560000	0.000000
24	0.560000	0.000000
25	0.560000	0.000000
26	0.560000	0.000000
27	0.560000	0.000000
28	0.560000	0.000000
29	0.560000	0.500000
30	0.560000	0.000000
31	0.560000	0.000000
32	0.560000	0.000000
33	0.560000	0.000000
34	0.560000	0.000000
35	0.560000	0.500000
36	0.560000	0.500000
37	0.560000	0.000000
38	0.560000	0.500000
39	0.560000	0.000000
40	0.560000	0.000000
41	0.560000	0.000000
42	0.560000	1.000000
43	0.560000	0.000000
44	0.560000	0.833333
45	0.560000	0.500000
46	0.560000	0.000000
47	0.560000	0.500000
48	0.560000	0.000000
49	0.560000	0.000000
50	0.560000	0.000000
51	0.560000	1.000000
52	0.560000	0.000000
53	0.560000	0.000000
54	0.560000	0.000000
55	0.560000	0.666667
56	0.560000	0.000000
57	0.560000	0.000000
58	0.560000	0.000000
59	0.560000	0.000000
60	0.560000	0.000000
61	0.560000	0.000000
62	0.560000	0.000000
63	0.560000	0.500000
64	0.560000	0.000000

1	0.570000	0.000000
2	0.570000	0.000000
3	0.570000	0.000000
4	0.570000	0.500000
5	0.570000	0.000000
6	0.570000	0.000000
7	0.570000	0.000000
8	0.570000	1.000000
9	0.570000	0.000000
10	0.570000	1.000000
11	0.570000	0.000000
12	0.570000	0.000000
13	0.570000	0.500000
14	0.570000	0.000000
15	0.570000	0.000000
16	0.570000	0.000000
17	0.570000	0.833333
18	0.570000	0.000000
19	0.570000	0.000000
20	0.570000	0.000000
21	0.570000	0.000000
22	0.570000	0.000000
23	0.570000	0.000000
24	0.570000	0.000000
25	0.570000	0.000000
26	0.570000	0.000000
27	0.570000	0.000000
28	0.570000	0.000000
29	0.570000	0.500000
30	0.570000	0.000000
31	0.570000	0.000000
32	0.570000	0.000000
33	0.570000	0.000000
34	0.570000	0.000000
35	0.570000	0.500000
36	0.570000	0.500000
37	0.570000	0.000000
38	0.570000	0.500000
39	0.570000	0.000000
40	0.570000	0.000000
41	0.570000	0.000000
42	0.570000	1.000000
43	0.570000	0.000000
44	0.570000	0.833333
45	0.570000	0.500000
46	0.570000	0.000000
47	0.570000	0.500000
48	0.570000	0.000000
49	0.570000	0.000000
50	0.570000	0.000000
51	0.570000	1.000000
52	0.570000	0.000000
53	0.570000	0.000000
54	0.570000	0.000000
55	0.570000	0.666667
56	0.570000	0.000000
57	0.570000	0.000000
58	0.570000	0.000000
59	0.570000	0.000000
60	0.570000	0.000000
61	0.570000	0.000000
62	0.570000	0.000000
63	0.570000	0.000000
64	0.570000	0.000000

1	0.580000	0.000000
2	0.580000	0.000000
3	0.580000	0.000000
4	0.580000	0.500000
5	0.580000	0.000000
6	0.580000	0.000000
7	0.580000	0.000000
8	0.580000	1.000000
9	0.580000	0.000000
10	0.580000	1.000000
11	0.580000	0.000000
12	0.580000	0.000000
13	0.580000	0.000000
14	0.580000	0.000000
15	0.580000	0.000000
16	0.580000	0.000000
17	0.580000	0.833333
18	0.580000	0.000000
19	0.580000	0.000000
20	0.580000	0.000000
21	0.580000	0.000000
22	0.580000	0.000000
23	0.580000	0.000000
24	0.580000	0.000000
25	0.580000	0.000000
26	0.580000	0.000000
27	0.580000	0.000000
28	0.580000	0.000000
29	0.580000	0.500000
30	0.580000	0.000000
31	0.580000	0.000000
32	0.580000	0.000000
33	0.580000	0.000000
34	0.580000	0.000000
35	0.580000	0.000000
36	0.580000	0.000000
37	0.580000	0.000000
38	0.580000	0.500000
39	0.580000	0.000000
40	0.580000	0.000000
41	0.580000	0.000000
42	0.580000	1.000000
43	0.580000	0.000000
44	0.580000	0.833333
45	0.580000	0.000000
46	0.580000	0.000000
47	0.580000	0.500000
48	0.580000	0.000000
49	0.580000	0.000000
50	0.580000	0.000000
51	0.580000	1.000000
52	0.580000	0.000000
53	0.580000	0.000000
54	0.580000	0.000000
55	0.580000	0.666667
56	0.580000	0.000000
57	0.580000	0.000000
58	0.580000	0.000000
59	0.580000	0.000000
60	0.580000	0.000000
61	0.580000	0.000000
62	0.580000	0.000000
63	0.580000	0.000000
64	0.580000	0.000000

1	0.590000	0.000000
2	0.590000	0.000000
3	0.590000	0.000000
4	0.590000	0.000000
5	0.590000	0.000000
6	0.590000	0.000000
7	0.590000	0.000000
8	0.590000	1.000000
9	0.590000	0.000000
10	0.590000	0.500000
11	0.590000	0.000000
12	0.590000	0.000000
13	0.590000	0.000000
14	0.590000	0.000000
15	0.590000	0.000000
16	0.590000	0.000000
17	0.590000	0.500000
18	0.590000	0.000000
19	0.590000	0.000000
20	0.590000	0.000000
21	0.590000	0.000000
22	0.590000	0.000000
23	0.590000	0.000000
24	0.590000	0.000000
25	0.590000	0.000000
26	0.590000	0.000000
27	0.590000	0.000000
28	0.590000	0.000000
29	0.590000	0.500000
30	0.590000	0.000000
31	0.590000	0.000000
32	0.590000	0.000000
33	0.590000	0.000000
34	0.590000	0.000000
35	0.590000	0.000000
36	0.590000	0.000000
37	0.590000	0.000000
38	0.590000	0.000000
39	0.590000	0.000000
40	0.590000	0.000000
41	0.590000	0.000000
42	0.590000	1.000000
43	0.590000	0.000000
44	0.590000	0.500000
45	0.590000	0.000000
46	0.590000	0.000000
47	0.590000	0.000000
48	0.590000	0.000000
49	0.590000	0.000000
50	0.590000	0.000000
51	0.590000	0.500000
52	0.590000	0.000000
53	0.590000	0.000000
54	0.590000	0.000000
55	0.590000	0.666667
56	0.590000	0.000000
57	0.590000	0.000000
58	0.590000	0.000000
59	0.590000	0.000000
60	0.590000	0.000000
61	0.590000	0.000000
62	0.590000	0.000000
63	0.590000	0.000000
64	0.590000	0.000000

1	0.600000	0.000000
2	0.600000	0.000000
3	0.600000	0.000000
4	0.600000	0.000000
5	0.600000	0.000000
6	0.600000	0.000000
7	0.600000	0.000000
8	0.600000	1.000000
9	0.600000	0.000000
10	0.600000	0.500000
11	0.600000	0.000000
12	0.600000	0.000000
13	0.600000	0.000000
14	0.600000	0.000000
15	0.600000	0.000000
16	0.600000	0.000000
17	0.600000	0.500000
18	0.600000	0.000000
19	0.600000	0.000000
20	0.600000	0.000000
21	0.600000	0.000000
22	0.600000	0.000000
23	0.600000	0.000000
24	0.600000	0.000000
25	0.600000	0.000000
26	0.600000	0.000000
27	0.600000	0.000000
28	0.600000	0.000000
29	0.600000	0.000000
30	0.600000	0.000000
31	0.600000	0.000000
32	0.600000	0.000000
33	0.600000	0.000000
34	0.600000	0.000000
35	0.600000	0.000000
36	0.600000	0.000000
37	0.600000	0.000000
38	0.600000	0.000000
39	0.600000	0.000000
40	0.600000	0.000000
41	0.600000	0.000000
42	0.600000	1.000000
43	0.600000	0.000000
44	0.600000	0.500000
45	0.600000	0.000000
46	0.600000	0.000000
47	0.600000	0.000000
48	0.600000	0.000000
49	0.600000	0.000000
50	0.600000	0.000000
51	0.600000	0.500000
52	0.600000	0.000000
53	0.600000	0.000000
54	0.600000	0.000000
55	0.600000	0.666667
56	0.600000	0.000000
57	0.600000	0.000000
58	0.600000	0.000000
59	0.600000	0.000000
60	0.600000	0.000000
61	0.600000	0.000000
62	0.600000	0.000000
63	0.600000	0.000000
64	0.600000	0.000000

1	0.610000	0.000000
2	0.610000	0.000000
3	0.610000	0.000000
4	0.610000	0.000000
5	0.610000	0.000000
6	0.610000	0.000000
7	0.610000	0.000000
8	0.610000	0.000000
9	0.610000	0.000000
10	0.610000	0.500000
11	0.610000	0.000000
12	0.610000	0.000000
13	0.610000	0.000000
14	0.610000	0.000000
15	0.610000	0.000000
16	0.610000	0.000000
17	0.610000	0.000000
18	0.610000	0.000000
19	0.610000	0.000000
20	0.610000	0.000000
21	0.610000	0.000000
22	0.610000	0.000000
23	0.610000	0.000000
24	0.610000	0.000000
25	0.610000	0.000000
26	0.610000	0.000000
27	0.610000	0.000000
28	0.610000	0.000000
29	0.610000	0.000000
30	0.610000	0.000000
31	0.610000	0.000000
32	0.610000	0.000000
33	0.610000	0.000000
34	0.610000	0.000000
35	0.610000	0.000000
36	0.610000	0.000000
37	0.610000	0.000000
38	0.610000	0.000000
39	0.610000	0.000000
40	0.610000	0.000000
41	0.610000	0.000000
42	0.610000	0.000000
43	0.610000	0.000000
44	0.610000	0.000000
45	0.610000	0.000000
46	0.610000	0.000000
47	0.610000	0.000000
48	0.610000	0.000000
49	0.610000	0.000000
50	0.610000	0.000000
51	0.610000	0.000000
52	0.610000	0.000000
53	0.610000	0.000000
54	0.610000	0.000000
55	0.610000	0.000000
56	0.610000	0.000000
57	0.610000	0.000000
58	0.610000	0.000000
59	0.610000	0.000000
60	0.610000	0.000000
61	0.610000	0.000000
62	0.610000	0.000000
63	0.610000	0.000000
64	0.610000	0.000000

1	0.620000	0.000000
2	0.620000	0.000000
3	0.620000	0.000000
4	0.620000	0.000000
5	0.620000	0.000000
6	0.620000	0.000000
7	0.620000	0.000000
8	0.620000	0.000000
9	0.620000	0.000000
10	0.620000	0.500000
11	0.620000	0.000000
12	0.620000	0.000000
13	0.620000	0.000000
14	0.620000	0.000000
15	0.620000	0.000000
16	0.620000	0.000000
17	0.620000	0.000000
18	0.620000	0.000000
19	0.620000	0.000000
20	0.620000	0.000000
21	0.620000	0.000000
22	0.620000	0.000000
23	0.620000	0.000000
24	0.620000	0.000000
25	0.620000	0.000000
26	0.620000	0.000000
27	0.620000	0.000000
28	0.620000	0.000000
29	0.620000	0.000000
30	0.620000	0.000000
31	0.620000	0.000000
32	0.620000	0.000000
33	0.620000	0.000000
34	0.620000	0.000000
35	0.620000	0.000000
36	0.620000	0.000000
37	0.620000	0.000000
38	0.620000	0.000000
39	0.620000	0.000000
40	0.620000	0.000000
41	0.620000	0.000000
42	0.620000	0.000000
43	0.620000	0.000000
44	0.620000	0.000000
45	0.620000	0.000000
46	0.620000	0.000000
47	0.620000	0.000000
48	0.620000	0.000000
49	0.620000	0.000000
50	0.620000	0.000000
51	0.620000	0.000000
52	0.620000	0.000000
53	0.620000	0.000000
54	0.620000	0.000000
55	0.620000	0.000000
56	0.620000	0.000000
57	0.620000	0.000000
58	0.620000	0.000000
59	0.620000	0.000000
60	0.620000	0.000000
61	0.620000	0.000000
62	0.620000	0.000000
63	0.620000	0.000000
64	0.620000	0.000000

1	0.630000	0.000000
2	0.630000	0.000000
3	0.630000	0.000000
4	0.630000	0.000000
5	0.630000	0.000000
6	0.630000	0.000000
7	0.630000	0.000000
8	0.630000	0.000000
9	0.630000	0.000000
10	0.630000	0.500000
11	0.630000	0.000000
12	0.630000	0.000000
13	0.630000	0.000000
14	0.630000	0.000000
15	0.630000	0.000000
16	0.630000	0.000000
17	0.630000	0.000000
18	0.630000	0.000000
19	0.630000	0.000000
20	0.630000	0.000000
21	0.630000	0.000000
22	0.630000	0.000000
23	0.630000	0.000000
24	0.630000	0.000000
25	0.630000	0.000000
26	0.630000	0.000000
27	0.630000	0.000000
28	0.630000	0.000000
29	0.630000	0.000000
30	0.630000	0.000000
31	0.630000	0.000000
32	0.630000	0.000000
33	0.630000	0.000000
34	0.630000	0.000000
35	0.630000	0.000000
36	0.630000	0.000000
37	0.630000	0.000000
38	0.630000	0.000000
39	0.630000	0.000000
40	0.630000	0.000000
41	0.630000	0.000000
42	0.630000	0.000000
43	0.630000	0.000000
44	0.630000	0.000000
45	0.630000	0.000000
46	0.630000	0.000000
47	0.630000	0.000000
48	0.630000	0.000000
49	0.630000	0.000000
50	0.630000	0.000000
51	0.630000	0.000000
52	0.630000	0.000000
53	0.630000	0.000000
54	0.630000	0.000000
55	0.630000	0.000000
56	0.630000	0.000000
57	0.630000	0.000000
58	0.630000	0.000000
59	0.630000	0.000000
60	0.630000	0.000000
61	0.630000	0.000000
62	0.630000	0.000000
63	0.630000	0.000000
64	0.630000	0.000000

1	0.640000	0.000000
2	0.640000	0.000000
3	0.640000	0.000000
4	0.640000	0.000000
5	0.640000	0.000000
6	0.640000	0.000000
7	0.640000	0.000000
8	0.640000	0.000000
9	0.640000	0.000000
10	0.640000	0.000000
11	0.640000	0.000000
12	0.640000	0.000000
13	0.640000	0.000000
14	0.640000	0.000000
15	0.640000	0.000000
16	0.640000	0.000000
17	0.640000	0.000000
18	0.640000	0.000000
19	0.640000	0.000000
20	0.640000	0.000000
21	0.640000	0.000000
22	0.640000	0.000000
23	0.640000	0.000000
24	0.640000	0.000000
25	0.640000	0.000000
26	0.640000	0.000000
27	0.640000	0.000000
28	0.640000	0.000000
29	0.640000	0.000000
30	0.640000	0.000000
31	0.640000	0.000000
32	0.640000	0.000000
33	0.640000	0.000000
34	0.640000	0.000000
35	0.640000	0.000000
36	0.640000	0.000000
37	0.640000	0.000000
38	0.640000	0.000000
39	0.640000	0.000000
40	0.640000	0.000000
41	0.640000	0.000000
42	0.640000	0.000000
43	0.640000	0.000000
44	0.640000	0.000000
45	0.640000	0.000000
46	0.640000	0.000000
47	0.640000	0.000000
48	0.640000	0.000000
49	0.640000	0.000000
50	0.640000	0.000000
51	0.640000	0.000000
52	0.640000	0.000000
53	0.640000	0.000000
54	0.640000	0.000000
55	0.640000	0.000000
56	0.640000	0.000000
57	0.640000	0.000000
58	0.640000	0.000000
59	0.640000	0.000000
60	0.640000	0.000000
61	0.640000	0.000000
62	0.640000	0.000000
63	0.640000	0.000000
64	0.640000	0.000000

1	0.650000	0.000000
2	0.650000	0.000000
3	0.650000	0.000000
4	0.650000	0.000000
5	0.650000	0.000000
6	0.650000	0.000000
7	0.650000	0.000000
8	0.650000	0.000000
9	0.650000	0.000000
10	0.650000	0.000000
11	0.650000	0.000000
12	0.650000	0.000000
13	0.650000	0.000000
14	0.650000	0.000000
15	0.650000	0.000000
16	0.650000	0.000000
17	0.650000	0.000000
18	0.650000	0.000000
19	0.650000	0.000000
20	0.650000	0.000000
21	0.650000	0.000000
22	0.650000	0.000000
23	0.650000	0.000000
24	0.650000	0.000000
25	0.650000	0.000000
26	0.650000	0.000000
27	0.650000	0.000000
28	0.650000	0.000000
29	0.650000	0.000000
30	0.650000	0.000000
31	0.650000	0.000000
32	0.650000	0.000000
33	0.650000	0.000000
34	0.650000	0.000000
35	0.650000	0.000000
36	0.650000	0.000000
37	0.650000	0.000000
38	0.650000	0.000000
39	0.650000	0.000000
40	0.650000	0.000000
41	0.650000	0.000000
42	0.650000	0.000000
43	0.650000	0.000000
44	0.650000	0.000000
45	0.650000	0.000000
46	0.650000	0.000000
47	0.650000	0.000000
48	0.650000	0.000000
49	0.650000	0.000000
50	0.650000	0.000000
51	0.650000	0.000000
52	0.650000	0.000000
53	0.650000	0.000000
54	0.650000	0.000000
55	0.650000	0.000000
56	0.650000	0.000000
57	0.650000	0.000000
58	0.650000	0.000000
59	0.650000	0.000000
60	0.650000	0.000000
61	0.650000	0.000000
62	0.650000	0.000000
63	0.650000	0.000000
64	0.650000	0.000000

1	0.660000	0.000000
2	0.660000	0.000000
3	0.660000	0.000000
4	0.660000	0.000000
5	0.660000	0.000000
6	0.660000	0.000000
7	0.660000	0.000000
8	0.660000	0.000000
9	0.660000	0.000000
10	0.660000	0.000000
11	0.660000	0.000000
12	0.660000	0.000000
13	0.660000	0.000000
14	0.660000	0.000000
15	0.660000	0.000000
16	0.660000	0.000000
17	0.660000	0.000000
18	0.660000	0.000000
19	0.660000	0.000000
20	0.660000	0.000000
21	0.660000	0.000000
22	0.660000	0.000000
23	0.660000	0.000000
24	0.660000	0.000000
25	0.660000	0.000000
26	0.660000	0.000000
27	0.660000	0.000000
28	0.660000	0.000000
29	0.660000	0.000000
30	0.660000	0.000000
31	0.660000	0.000000
32	0.660000	0.000000
33	0.660000	0.000000
34	0.660000	0.000000
35	0.660000	0.000000
36	0.660000	0.000000
37	0.660000	0.000000
38	0.660000	0.000000
39	0.660000	0.000000
40	0.660000	0.000000
41	0.660000	0.000000
42	0.660000	0.000000
43	0.660000	0.000000
44	0.660000	0.000000
45	0.660000	0.000000
46	0.660000	0.000000
47	0.660000	0.000000
48	0.660000	0.000000
49	0.660000	0.000000
50	0.660000	0.000000
51	0.660000	0.000000
52	0.660000	0.000000
53	0.660000	0.000000
54	0.660000	0.000000
55	0.660000	0.000000
56	0.660000	0.000000
57	0.660000	0.000000
58	0.660000	0.000000
59	0.660000	0.000000
60	0.660000	0.000000
61	0.660000	0.000000
62	0.660000	0.000000
63	0.660000	0.000000
64	0.660000	0.000000

1	0.670000	0.000000
2	0.670000	0.000000
3	0.670000	0.000000
4	0.670000	0.000000
5	0.670000	0.000000
6	0.670000	0.000000
7	0.670000	0.000000
8	0.670000	0.000000
9	0.670000	0.000000
10	0.670000	0.000000
11	0.670000	0.000000
12	0.670000	0.000000
13	0.670000	0.000000
14	0.670000	0.000000
15	0.670000	0.000000
16	0.670000	0.000000
17	0.670000	0.000000
18	0.670000	0.000000
19	0.670000	0.000000
20	0.670000	0.000000
21	0.670000	0.000000
22	0.670000	0.000000
23	0.670000	0.000000
24	0.670000	0.000000
25	0.670000	0.000000
26	0.670000	0.000000
27	0.670000	0.000000
28	0.670000	0.000000
29	0.670000	0.000000
30	0.670000	0.000000
31	0.670000	0.000000
32	0.670000	0.000000
33	0.670000	0.000000
34	0.670000	0.000000
35	0.670000	0.000000
36	0.670000	0.000000
37	0.670000	0.000000
38	0.670000	0.000000
39	0.670000	0.000000
40	0.670000	0.000000
41	0.670000	0.000000
42	0.670000	0.000000
43	0.670000	0.000000
44	0.670000	0.000000
45	0.670000	0.000000
46	0.670000	0.000000
47	0.670000	0.000000
48	0.670000	0.000000
49	0.670000	0.000000
50	0.670000	0.000000
51	0.670000	0.000000
52	0.670000	0.000000
53	0.670000	0.000000
54	0.670000	0.000000
55	0.670000	0.000000
56	0.670000	0.000000
57	0.670000	0.000000
58	0.670000	0.000000
59	0.670000	0.000000
60	0.670000	0.000000
61	0.670000	0.000000
62	0.670000	0.000000
63	0.670000	0.000000
64	0.670000	0.000000

1	0.680000	0.000000
2	0.680000	0.000000
3	0.680000	0.000000
4	0.680000	0.000000
5	0.680000	0.000000
6	0.680000	0.000000
7	0.680000	0.000000
8	0.680000	0.000000
9	0.680000	0.000000
10	0.680000	0.000000
11	0.680000	0.000000
12	0.680000	0.000000
13	0.680000	0.000000
14	0.680000	0.000000
15	0.680000	0.000000
16	0.680000	0.000000
17	0.680000	0.000000
18	0.680000	0.000000
19	0.680000	0.000000
20	0.680000	0.000000
21	0.680000	0.000000
22	0.680000	0.000000
23	0.680000	0.000000
24	0.680000	0.000000
25	0.680000	0.000000
26	0.680000	0.000000
27	0.680000	0.000000
28	0.680000	0.000000
29	0.680000	0.000000
30	0.680000	0.000000
31	0.680000	0.000000
32	0.680000	0.000000
33	0.680000	0.000000
34	0.680000	0.000000
35	0.680000	0.000000
36	0.680000	0.000000
37	0.680000	0.000000
38	0.680000	0.000000
39	0.680000	0.000000
40	0.680000	0.000000
41	0.680000	0.000000
42	0.680000	0.000000
43	0.680000	0.000000
44	0.680000	0.000000
45	0.680000	0.000000
46	0.680000	0.000000
47	0.680000	0.000000
48	0.680000	0.000000
49	0.680000	0.000000
50	0.680000	0.000000
51	0.680000	0.000000
52	0.680000	0.000000
53	0.680000	0.000000
54	0.680000	0.000000
55	0.680000	0.000000
56	0.680000	0.000000
57	0.680000	0.000000
58	0.680000	0.000000
59	0.680000	0.000000
60	0.680000	0.000000
61	0.680000	0.000000
62	0.680000	0.000000
63	0.680000	0.000000
64	0.680000	0.000000

1	0.690000	0.000000
2	0.690000	0.000000
3	0.690000	0.000000
4	0.690000	0.000000
5	0.690000	0.000000
6	0.690000	0.000000
7	0.690000	0.000000
8	0.690000	0.000000
9	0.690000	0.000000
10	0.690000	0.000000
11	0.690000	0.000000
12	0.690000	0.000000
13	0.690000	0.000000
14	0.690000	0.000000
15	0.690000	0.000000
16	0.690000	0.000000
17	0.690000	0.000000
18	0.690000	0.000000
19	0.690000	0.000000
20	0.690000	0.000000
21	0.690000	0.000000
22	0.690000	0.000000
23	0.690000	0.000000
24	0.690000	0.000000
25	0.690000	0.000000
26	0.690000	0.000000
27	0.690000	0.000000
28	0.690000	0.000000
29	0.690000	0.000000
30	0.690000	0.000000
31	0.690000	0.000000
32	0.690000	0.000000
33	0.690000	0.000000
34	0.690000	0.000000
35	0.690000	0.000000
36	0.690000	0.000000
37	0.690000	0.000000
38	0.690000	0.000000
39	0.690000	0.000000
40	0.690000	0.000000
41	0.690000	0.000000
42	0.690000	0.000000
43	0.690000	0.000000
44	0.690000	0.000000
45	0.690000	0.000000
46	0.690000	0.000000
47	0.690000	0.000000
48	0.690000	0.000000
49	0.690000	0.000000
50	0.690000	0.000000
51	0.690000	0.000000
52	0.690000	0.000000
53	0.690000	0.000000
54	0.690000	0.000000
55	0.690000	0.000000
56	0.690000	0.000000
57	0.690000	0.000000
58	0.690000	0.000000
59	0.690000	0.000000
60	0.690000	0.000000
61	0.690000	0.000000
62	0.690000	0.000000
63	0.690000	0.000000
64	0.690000	0.000000

1	0.700000	0.000000
2	0.700000	0.000000
3	0.700000	0.000000
4	0.700000	0.000000
5	0.700000	0.000000
6	0.700000	0.000000
7	0.700000	0.000000
8	0.700000	0.000000
9	0.700000	0.000000
10	0.700000	0.000000
11	0.700000	0.000000
12	0.700000	0.000000
13	0.700000	0.000000
14	0.700000	0.000000
15	0.700000	0.000000
16	0.700000	0.000000
17	0.700000	0.000000
18	0.700000	0.000000
19	0.700000	0.000000
20	0.700000	0.000000
21	0.700000	0.000000
22	0.700000	0.000000
23	0.700000	0.000000
24	0.700000	0.000000
25	0.700000	0.000000
26	0.700000	0.000000
27	0.700000	0.000000
28	0.700000	0.000000
29	0.700000	0.000000
30	0.700000	0.000000
31	0.700000	0.000000
32	0.700000	0.000000
33	0.700000	0.000000
34	0.700000	0.000000
35	0.700000	0.000000
36	0.700000	0.000000
37	0.700000	0.000000
38	0.700000	0.000000
39	0.700000	0.000000
40	0.700000	0.000000
41	0.700000	0.000000
42	0.700000	0.000000
43	0.700000	0.000000
44	0.700000	0.000000
45	0.700000	0.000000
46	0.700000	0.000000
47	0.700000	0.000000
48	0.700000	0.000000
49	0.700000	0.000000
50	0.700000	0.000000
51	0.700000	0.000000
52	0.700000	0.000000
53	0.700000	0.000000
54	0.700000	0.000000
55	0.700000	0.000000
56	0.700000	0.000000
57	0.700000	0.000000
58	0.700000	0.000000
59	0.700000	0.000000
60	0.700000	0.000000
61	0.700000	0.000000
62	0.700000	0.000000
63	0.700000	0.000000
64	0.700000	0.000000

