1	0.200000	0	0.
2	0.200000	0	0.
3	0.200000	0	0.
4	0.200000	0	0.
5	0.200000	0	0.
6	0.200000	0	0.
7	0.200000	0	0.
8	0.200000	0	0.
9	0.200000	0	0.
10	0.200000	0	0.
11	0.200000	0	0.
12	0.200000	0	0.
13	0.200000	0	0.
14	0.200000	0	0.
15	0.200000	0	0.
16	0.200000	0	0.
17	0.200000	1	0.015625
18	0.200000	0	0.
19	0.200000	0	0.
20	0.200000	0	0.
21	0.200000	0	0.
22	0.200000	1	0.015625
23	0.200000	0	0.
24	0.200000	1	0.015625
25	0.200000	1	0.015625
26	0.200000	2	0.031250
27	0.200000	0	0.
28	0.200000	0	0.
29	0.200000	2	0.031250
30	0.200000	1	0.015625
31	0.200000	1	0.015625
32	0.200000	1	0.015625
33	0.200000	1	0.015625
34	0.200000	0	0.
35	0.200000	0	0.
36	0.200000	2	0.031250
37	0.200000	0	0.
38	0.200000	2	0.031250
39	0.200000	1	0.015625
40	0.200000	2	0.031250
41	0.200000	1	0.015625
42	0.200000	4	0.062500
43	0.200000	2	0.031250
44	0.200000	1	0.015625
45	0.200000	2	0.031250
46	0.200000	1	0.015625
47	0.200000	3	0.046875
48	0.200000	1	0.015625
49	0.200000	2	0.031250
50	0.200000	3	0.046875
51	0.200000	0	0.
52	0.200000	4	0.062500
53	0.200000	3	0.046875
54	0.200000	5	0.078125
55	0.200000	2	0.031250
56	0.200000	3	0.046875
57	0.200000	2	0.031250
58	0.200000	0	0.
59	0.200000	2	0.031250
60	0.200000	0	0.
61	0.200000	1	0.015625
62	0.200000	2	0.031250
63	0.200000	1	0.015625
64	0.200000	0	0.
1	0.210000	0	0.
2	0.210000	0	0.
3	0.210000	0	0.
4	0.210000	0	0.
5	0.210000	0	0.
6	0.210000	0	0.
7	0.210000	0	0.
8	0.210000	0	0.
9	0.210000	0	0.
10	0.210000	0	0.
11	0.210000	0	0.
12	0.210000	0	0.
13	0.210000	1	0.015625
14	0.210000	0	0.
15	0.210000	0	0.
16	0.210000	0	0.
17	0.210000	1	0.015625
18	0.210000	0	0.
19	0.210000	0	0.
20	0.210000	0	0.
21	0.210000	1	0.015625
22	0.210000	1	0.015625
23	0.210000	1	0.015625
24	0.210000	0	0.
25	0.210000	3	0.046875
26	0.210000	0	0.
27	0.210000	0	0.
28	0.210000	1	0.015625
29	0.210000	0	0.
30	0.210000	2	0.031250
31	0.210000	1	0.015625
32	0.210000	0	0.
33	0.210000	1	0.015625
34	0.210000	3	0.046875
35	0.210000	1	0.015625
36	0.210000	0	0.
37	0.210000	0	0.
38	0.210000	0	0.
39	0.210000	4	0.062500
40	0.210000	2	0.031250
41	0.210000	1	0.015625
42	0.210000	2	0.031250
43	0.210000	2	0.031250
44	0.210000	4	0.062500
45	0.210000	3	0.046875
46	0.210000	1	0.015625
47	0.210000	1	0.015625
48	0.210000	2	0.031250
49	0.210000	0	0.
50	0.210000	2	0.031250
51	0.210000	5	0.078125
52	0.210000	5	0.078125
53	0.210000	1	0.015625
54	0.210000	5	0.078125
55	0.210000	0	0.
56	0.210000	2	0.031250
57	0.210000	0	0.
58	0.210000	1	0.015625
59	0.210000	0	0.
60	0.210000	2	0.031250
61	0.210000	1	0.015625
62	0.210000	1	0.015625
63	0.210000	0	0.
64	0.210000	0	0.
1	0.220000	0	0.
2	0.220000	0	0.
3	0.220000	0	0.
4	0.220000	0	0.
5	0.220000	0	0.
6	0.220000	0	0.
7	0.220000	0	0.
8	0.220000	0	0.
9	0.220000	1	0.015625
10	0.220000	0	0.
11	0.220000	0	0.
12	0.220000	0	0.
13	0.220000	0	0.
14	0.220000	0	0.
15	0.220000	1	0.015625
16	0.220000	0	0.
17	0.220000	0	0.
18	0.220000	1	0.015625
19	0.220000	1	0.015625
20	0.220000	1	0.015625
21	0.220000	1	0.015625
22	0.220000	1	0.015625
23	0.220000	1	0.015625
24	0.220000	0	0.
25	0.220000	0	0.
26	0.220000	1	0.015625
27	0.220000	1	0.015625
28	0.220000	1	0.015625
29	0.220000	1	0.015625
30	0.220000	1	0.015625
31	0.220000	2	0.031250
32	0.220000	1	0.015625
33	0.220000	1	0.015625
34	0.220000	0	0.
35	0.220000	0	0.
36	0.220000	1	0.015625
37	0.220000	1	0.015625
38	0.220000	3	0.046875
39	0.220000	2	0.031250
40	0.220000	4	0.062500
41	0.220000	2	0.031250
42	0.220000	4	0.062500
43	0.220000	2	0.031250
44	0.220000	0	0.
45	0.220000	1	0.015625
46	0.220000	2	0.031250
47	0.220000	2	0.031250
48	0.220000	1	0.015625
49	0.220000	2	0.031250
50	0.220000	4	0.062500
51	0.220000	5	0.078125
52	0.220000	1	0.015625
53	0.220000	3	0.046875
54	0.220000	1	0.015625
55	0.220000	1	0.015625
56	0.220000	1	0.015625
57	0.220000	0	0.
58	0.220000	2	0.031250
59	0.220000	1	0.015625
60	0.220000	1	0.015625
61	0.220000	0	0.
62	0.220000	0	0.
63	0.220000	0	0.
64	0.220000	0	0.
1	0.230000	0	0.
2	0.230000	0	0.
3	0.230000	0	0.
4	0.230000	0	0.
5	0.230000	0	0.
6	0.230000	0	0.
7	0.230000	1	0.015625
8	0.230000	0	0.
9	0.230000	0	0.
10	0.230000	0	0.
11	0.230000	0	0.
12	0.230000	0	0.
13	0.230000	0	0.
14	0.230000	0	0.
15	0.230000	3	0.046875
16	0.230000	0	0.
17	0.230000	0	0.
18	0.230000	0	0.
19	0.230000	2	0.031250
20	0.230000	0	0.
21	0.230000	2	0.031250
22	0.230000	1	0.015625
23	0.230000	1	0.015625
24	0.230000	2	0.031250
25	0.230000	0	0.
26	0.230000	1	0.015625
27	0.230000	0	0.
28	0.230000	1	0.015625
29	0.230000	1	0.015625
30	0.230000	1	0.015625
31	0.230000	1	0.015625
32	0.230000	0	0.
33	0.230000	0	0.
34	0.230000	2	0.031250
35	0.230000	3	0.046875
36	0.230000	2	0.031250
37	0.230000	2	0.031250
38	0.230000	1	0.015625
39	0.230000	4	0.062500
40	0.230000	3	0.046875
41	0.230000	1	0.015625
42	0.230000	3	0.046875
43	0.230000	0	0.
44	0.230000	1	0.015625
45	0.230000	4	0.062500
46	0.230000	1	0.015625
47	0.230000	1	0.015625
48	0.230000	2	0.031250
49	0.230000	6	0.093750
50	0.230000	0	0.
51	0.230000	3	0.046875
52	0.230000	0	0.
53	0.230000	3	0.046875
54	0.230000	0	0.
55	0.230000	0	0.
56	0.230000	1	0.015625
57	0.230000	2	0.031250
58	0.230000	1	0.015625
59	0.230000	0	0.
60	0.230000	1	0.015625
61	0.230000	0	0.
62	0.230000	0	0.
63	0.230000	0	0.
64	0.230000	0	0.
1	0.240000	0	0.
2	0.240000	0	0.
3	0.240000	0	0.
4	0.240000	0	0.
5	0.240000	1	0.015625
6	0.240000	0	0.
7	0.240000	0	0.
8	0.240000	1	0.015625
9	0.240000	0	0.
10	0.240000	0	0.
11	0.240000	0	0.
12	0.240000	1	0.015625
13	0.240000	0	0.
14	0.240000	1	0.015625
15	0.240000	0	0.
16	0.240000	0	0.
17	0.240000	1	0.015625
18	0.240000	2	0.031250
19	0.240000	2	0.031250
20	0.240000	0	0.
21	0.240000	1	0.015625
22	0.240000	3	0.046875
23	0.240000	0	0.
24	0.240000	0	0.
25	0.240000	0	0.
26	0.240000	2	0.031250
27	0.240000	2	0.031250
28	0.240000	1	0.015625
29	0.240000	0	0.
30	0.240000	1	0.015625
31	0.240000	2	0.031250
32	0.240000	3	0.046875
33	0.240000	3	0.046875
34	0.240000	2	0.031250
35	0.240000	2	0.031250
36	0.240000	3	0.046875
37	0.240000	1	0.015625
38	0.240000	0	0.
39	0.240000	1	0.015625
40	0.240000	3	0.046875
41	0.240000	1	0.015625
42	0.240000	1	0.015625
43	0.240000	3	0.046875
44	0.240000	2	0.031250
45	0.240000	1	0.015625
46	0.240000	3	0.046875
47	0.240000	2	0.031250
48	0.240000	2	0.031250
49	0.240000	3	0.046875
50	0.240000	1	0.015625
51	0.240000	1	0.015625
52	0.240000	0	0.
53	0.240000	0	0.
54	0.240000	2	0.031250
55	0.240000	1	0.015625
56	0.240000	0	0.
57	0.240000	2	0.031250
58	0.240000	0	0.
59	0.240000	0	0.
60	0.240000	0	0.
61	0.240000	0	0.
62	0.240000	0	0.
63	0.240000	0	0.
64	0.240000	0	0.
1	0.250000	0	0.
2	0.250000	0	0.
3	0.250000	0	0.
4	0.250000	1	0.015625
5	0.250000	0	0.
6	0.250000	1	0.015625
7	0.250000	0	0.
8	0.250000	0	0.
9	0.250000	1	0.015625
10	0.250000	0	0.
11	0.250000	0	0.
12	0.250000	0	0.
13	0.250000	1	0.015625
14	0.250000	1	0.015625
15	0.250000	0	0.
16	0.250000	0	0.
17	0.250000	1	0.015625
18	0.250000	3	0.046875
19	0.250000	0	0.
20	0.250000	1	0.015625
21	0.250000	1	0.015625
22	0.250000	2	0.031250
23	0.250000	2	0.031250
24	0.250000	0	0.
25	0.250000	1	0.015625
26	0.250000	3	0.046875
27	0.250000	1	0.015625
28	0.250000	1	0.015625
29	0.250000	2	0.031250
30	0.250000	5	0.078125
31	0.250000	3	0.046875
32	0.250000	1	0.015625
33	0.250000	2	0.031250
34	0.250000	1	0.015625
35	0.250000	1	0.015625
36	0.250000	0	0.
37	0.250000	5	0.078125
38	0.250000	1	0.015625
39	0.250000	2	0.031250
40	0.250000	1	0.015625
41	0.250000	0	0.
42	0.250000	1	0.015625
43	0.250000	2	0.031250
44	0.250000	3	0.046875
45	0.250000	0	0.
46	0.250000	1	0.015625
47	0.250000	4	0.062500
48	0.250000	0	0.
49	0.250000	3	0.046875
50	0.250000	0	0.
51	0.250000	1	0.015625
52	0.250000	0	0.
53	0.250000	0	0.
54	0.250000	2	0.031250
55	0.250000	1	0.015625
56	0.250000	1	0.015625
57	0.250000	0	0.
58	0.250000	0	0.
59	0.250000	0	0.
60	0.250000	0	0.
61	0.250000	0	0.
62	0.250000	0	0.
63	0.250000	0	0.
64	0.250000	0	0.
1	0.260000	0	0.
2	0.260000	0	0.
3	0.260000	1	0.015625
4	0.260000	1	0.015625
5	0.260000	0	0.
6	0.260000	0	0.
7	0.260000	1	0.015625
8	0.260000	0	0.
9	0.260000	0	0.
10	0.260000	0	0.
11	0.260000	1	0.015625
12	0.260000	0	0.
13	0.260000	1	0.015625
14	0.260000	1	0.015625
15	0.260000	2	0.031250
16	0.260000	2	0.031250
17	0.260000	0	0.
18	0.260000	1	0.015625
19	0.260000	1	0.015625
20	0.260000	3	0.046875
21	0.260000	0	0.
22	0.260000	0	0.
23	0.260000	1	0.015625
24	0.260000	1	0.015625
25	0.260000	3	0.046875
26	0.260000	2	0.031250
27	0.260000	2	0.031250
28	0.260000	3	0.046875
29	0.260000	4	0.062500
30	0.260000	1	0.015625
31	0.260000	3	0.046875
32	0.260000	0	0.
33	0.260000	0	0.
34	0.260000	1	0.015625
35	0.260000	4	0.062500
36	0.260000	1	0.015625
37	0.260000	3	0.046875
38	0.260000	1	0.015625
39	0.260000	2	0.031250
40	0.260000	1	0.015625
41	0.260000	0	0.
42	0.260000	2	0.031250
43	0.260000	1	0.015625
44	0.260000	1	0.015625
45	0.260000	2	0.031250
46	0.260000	3	0.046875
47	0.260000	3	0.046875
48	0.260000	1	0.015625
49	0.260000	0	0.
50	0.260000	1	0.015625
51	0.260000	0	0.
52	0.260000	0	0.
53	0.260000	1	0.015625
54	0.260000	1	0.015625
55	0.260000	0	0.
56	0.260000	0	0.
57	0.260000	0	0.
58	0.260000	0	0.
59	0.260000	0	0.
60	0.260000	0	0.
61	0.260000	0	0.
62	0.260000	0	0.
63	0.260000	0	0.
64	0.260000	0	0.
1	0.270000	0	0.
2	0.270000	0	0.
3	0.270000	2	0.031250
4	0.270000	0	0.
5	0.270000	1	0.015625
6	0.270000	0	0.
7	0.270000	0	0.
8	0.270000	0	0.
9	0.270000	2	0.031250
10	0.270000	0	0.
11	0.270000	0	0.
12	0.270000	0	0.
13	0.270000	2	0.031250
14	0.270000	2	0.031250
15	0.270000	1	0.015625
16	0.270000	2	0.031250
17	0.270000	1	0.015625
18	0.270000	2	0.031250
19	0.270000	1	0.015625
20	0.270000	1	0.015625
21	0.270000	2	0.031250
22	0.270000	1	0.015625
23	0.270000	1	0.015625
24	0.270000	1	0.015625
25	0.270000	3	0.046875
26	0.270000	4	0.062500
27	0.270000	1	0.015625
28	0.270000	2	0.031250
29	0.270000	1	0.015625
30	0.270000	2	0.031250
31	0.270000	0	0.
32	0.270000	1	0.015625
33	0.270000	3	0.046875
34	0.270000	3	0.046875
35	0.270000	3	0.046875
36	0.270000	2	0.031250
37	0.270000	1	0.015625
38	0.270000	2	0.031250
39	0.270000	0	0.
40	0.270000	1	0.015625
41	0.270000	1	0.015625
42	0.270000	2	0.031250
43	0.270000	1	0.015625
44	0.270000	1	0.015625
45	0.270000	3	0.046875
46	0.270000	3	0.046875
47	0.270000	0	0.
48	0.270000	0	0.
49	0.270000	0	0.
50	0.270000	0	0.
51	0.270000	0	0.
52	0.270000	1	0.015625
53	0.270000	0	0.
54	0.270000	1	0.015625
55	0.270000	0	0.
56	0.270000	0	0.
57	0.270000	0	0.
58	0.270000	0	0.
59	0.270000	0	0.
60	0.270000	0	0.
61	0.270000	0	0.
62	0.270000	0	0.
63	0.270000	0	0.
64	0.270000	0	0.
1	0.280000	0	0.
2	0.280000	2	0.031250
3	0.280000	0	0.
4	0.280000	0	0.
5	0.280000	1	0.015625
6	0.280000	1	0.015625
7	0.280000	0	0.
8	0.280000	1	0.015625
9	0.280000	0	0.
10	0.280000	0	0.
11	0.280000	2	0.031250
12	0.280000	0	0.
13	0.280000	1	0.015625
14	0.280000	2	0.031250
15	0.280000	3	0.046875
16	0.280000	4	0.062500
17	0.280000	2	0.031250
18	0.280000	0	0.
19	0.280000	1	0.015625
20	0.280000	0	0.
21	0.280000	2	0.031250
22	0.280000	2	0.031250
23	0.280000	2	0.031250
24	0.280000	2	0.031250
25	0.280000	3	0.046875
26	0.280000	1	0.015625
27	0.280000	2	0.031250
28	0.280000	1	0.015625
29	0.280000	1	0.015625
30	0.280000	1	0.015625
31	0.280000	3	0.046875
32	0.280000	3	0.046875
33	0.280000	4	0.062500
34	0.280000	3	0.046875
35	0.280000	1	0.015625
36	0.280000	0	0.
37	0.280000	0	0.
38	0.280000	0	0.
39	0.280000	2	0.031250
40	0.280000	3	0.046875
41	0.280000	0	0.
42	0.280000	1	0.015625
43	0.280000	1	0.015625
44	0.280000	3	0.046875
45	0.280000	1	0.015625
46	0.280000	0	0.
47	0.280000	1	0.015625
48	0.280000	0	0.
49	0.280000	0	0.
50	0.280000	0	0.
51	0.280000	1	0.015625
52	0.280000	0	0.
53	0.280000	0	0.
54	0.280000	0	0.
55	0.280000	0	0.
56	0.280000	0	0.
57	0.280000	0	0.
58	0.280000	0	0.
59	0.280000	0	0.
60	0.280000	0	0.
61	0.280000	0	0.
62	0.280000	0	0.
63	0.280000	0	0.
64	0.280000	0	0.
1	0.290000	2	0.031250
2	0.290000	0	0.
3	0.290000	0	0.
4	0.290000	0	0.
5	0.290000	1	0.015625
6	0.290000	1	0.015625
7	0.290000	0	0.
8	0.290000	1	0.015625
9	0.290000	1	0.015625
10	0.290000	1	0.015625
11	0.290000	2	0.031250
12	0.290000	3	0.046875
13	0.290000	2	0.031250
14	0.290000	3	0.046875
15	0.290000	2	0.031250
16	0.290000	0	0.
17	0.290000	0	0.
18	0.290000	1	0.015625
19	0.290000	1	0.015625
20	0.290000	4	0.062500
21	0.290000	0	0.
22	0.290000	3	0.046875
23	0.290000	2	0.031250
24	0.290000	1	0.015625
25	0.290000	4	0.062500
26	0.290000	2	0.031250
27	0.290000	1	0.015625
28	0.290000	2	0.031250
29	0.290000	1	0.015625
30	0.290000	1	0.015625
31	0.290000	4	0.062500
32	0.290000	4	0.062500
33	0.290000	0	0.
34	0.290000	1	0.015625
35	0.290000	0	0.
36	0.290000	1	0.015625
37	0.290000	0	0.
38	0.290000	3	0.046875
39	0.290000	0	0.
40	0.290000	1	0.015625
41	0.290000	2	0.031250
42	0.290000	2	0.031250
43	0.290000	1	0.015625
44	0.290000	2	0.031250
45	0.290000	0	0.
46	0.290000	0	0.
47	0.290000	0	0.
48	0.290000	1	0.015625
49	0.290000	0	0.
50	0.290000	0	0.
51	0.290000	0	0.
52	0.290000	0	0.
53	0.290000	0	0.
54	0.290000	0	0.
55	0.290000	0	0.
56	0.290000	0	0.
57	0.290000	0	0.
58	0.290000	0	0.
59	0.290000	0	0.
60	0.290000	0	0.
61	0.290000	0	0.
62	0.290000	0	0.
63	0.290000	0	0.
64	0.290000	0	0.
1	0.300000	2	0.031250
2	0.300000	0	0.
3	0.300000	0	0.
4	0.300000	0	0.
5	0.300000	1	0.015625
6	0.300000	1	0.015625
7	0.300000	1	0.015625
8	0.300000	2	0.031250
9	0.300000	2	0.031250
10	0.300000	1	0.015625
11	0.300000	2	0.031250
12	0.300000	4	0.062500
13	0.300000	1	0.015625
14	0.300000	2	0.031250
15	0.300000	1	0.015625
16	0.300000	2	0.031250
17	0.300000	0	0.
18	0.300000	1	0.015625
19	0.300000	2	0.031250
20	0.300000	3	0.046875
21	0.300000	1	0.015625
22	0.300000	3	0.046875
23	0.300000	3	0.046875
24	0.300000	3	0.046875
25	0.300000	1	0.015625
26	0.300000	1	0.015625
27	0.300000	4	0.062500
28	0.300000	1	0.015625
29	0.300000	2	0.031250
30	0.300000	3	0.046875
31	0.300000	1	0.015625
32	0.300000	0	0.
33	0.300000	2	0.031250
34	0.300000	1	0.015625
35	0.300000	0	0.
36	0.300000	1	0.015625
37	0.300000	0	0.
38	0.300000	1	0.015625
39	0.300000	1	0.015625
40	0.300000	3	0.046875
41	0.300000	2	0.031250
42	0.300000	0	0.
43	0.300000	0	0.
44	0.300000	1	0.015625
45	0.300000	0	0.
46	0.300000	0	0.
47	0.300000	1	0.015625
48	0.300000	0	0.
49	0.300000	0	0.
50	0.300000	0	0.
51	0.300000	0	0.
52	0.300000	0	0.
53	0.300000	0	0.
54	0.300000	0	0.
55	0.300000	0	0.
56	0.300000	0	0.
57	0.300000	0	0.
58	0.300000	0	0.
59	0.300000	0	0.
60	0.300000	0	0.
61	0.300000	0	0.
62	0.300000	0	0.
63	0.300000	0	0.
64	0.300000	0	0.
1	0.310000	2	0.031250
2	0.310000	0	0.
3	0.310000	0	0.
4	0.310000	2	0.031250
5	0.310000	1	0.015625
6	0.310000	2	0.031250
7	0.310000	3	0.046875
8	0.310000	0	0.
9	0.310000	0	0.
10	0.310000	1	0.015625
11	0.310000	4	0.062500
12	0.310000	3	0.046875
13	0.310000	2	0.031250
14	0.310000	1	0.015625
15	0.310000	2	0.031250
16	0.310000	2	0.031250
17	0.310000	2	0.031250
18	0.310000	0	0.
19	0.310000	3	0.046875
20	0.310000	3	0.046875
21	0.310000	3	0.046875
22	0.310000	2	0.031250
23	0.310000	2	0.031250
24	0.310000	0	0.
25	0.310000	1	0.015625
26	0.310000	7	0.109375
27	0.310000	1	0.015625
28	0.310000	0	0.
29	0.310000	2	0.031250
30	0.310000	1	0.015625
31	0.310000	1	0.015625
32	0.310000	1	0.015625
33	0.310000	1	0.015625
34	0.310000	0	0.
35	0.310000	0	0.
36	0.310000	1	0.015625
37	0.310000	3	0.046875
38	0.310000	1	0.015625
39	0.310000	2	0.031250
40	0.310000	1	0.015625
41	0.310000	1	0.015625
42	0.310000	0	0.
43	0.310000	0	0.
44	0.310000	0	0.
45	0.310000	0	0.
46	0.310000	0	0.
47	0.310000	0	0.
48	0.310000	0	0.
49	0.310000	0	0.
50	0.310000	0	0.
51	0.310000	0	0.
52	0.310000	0	0.
53	0.310000	0	0.
54	0.310000	0	0.
55	0.310000	0	0.
56	0.310000	0	0.
57	0.310000	0	0.
58	0.310000	0	0.
59	0.310000	0	0.
60	0.310000	0	0.
61	0.310000	0	0.
62	0.310000	0	0.
63	0.310000	0	0.
64	0.310000	0	0.
1	0.320000	2	0.031250
2	0.320000	0	0.
3	0.320000	0	0.
4	0.320000	2	0.031250
5	0.320000	2	0.031250
6	0.320000	2	0.031250
7	0.320000	2	0.031250
8	0.320000	0	0.
9	0.320000	1	0.015625
10	0.320000	2	0.031250
11	0.320000	6	0.093750
12	0.320000	2	0.031250
13	0.320000	2	0.031250
14	0.320000	2	0.031250
15	0.320000	1	0.015625
16	0.320000	1	0.015625
17	0.320000	3	0.046875
18	0.320000	0	0.
19	0.320000	5	0.078125
20	0.320000	4	0.062500
21	0.320000	0	0.
22	0.320000	4	0.062500
23	0.320000	2	0.031250
24	0.320000	1	0.015625
25	0.320000	3	0.046875
26	0.320000	2	0.031250
27	0.320000	0	0.
28	0.320000	0	0.
29	0.320000	2	0.031250
30	0.320000	1	0.015625
31	0.320000	1	0.015625
32	0.320000	0	0.
33	0.320000	3	0.046875
34	0.320000	0	0.
35	0.320000	2	0.031250
36	0.320000	1	0.015625
37	0.320000	1	0.015625
38	0.320000	2	0.031250
39	0.320000	0	0.
40	0.320000	0	0.
41	0.320000	0	0.
42	0.320000	0	0.
43	0.320000	0	0.
44	0.320000	0	0.
45	0.320000	0	0.
46	0.320000	0	0.
47	0.320000	0	0.
48	0.320000	0	0.
49	0.320000	0	0.
50	0.320000	0	0.
51	0.320000	0	0.
52	0.320000	0	0.
53	0.320000	0	0.
54	0.320000	0	0.
55	0.320000	0	0.
56	0.320000	0	0.
57	0.320000	0	0.
58	0.320000	0	0.
59	0.320000	0	0.
60	0.320000	0	0.
61	0.320000	0	0.
62	0.320000	0	0.
63	0.320000	0	0.
64	0.320000	0	0.
1	0.330000	2	0.031250
2	0.330000	0	0.
3	0.330000	1	0.015625
4	0.330000	2	0.031250
5	0.330000	3	0.046875
6	0.330000	1	0.015625
7	0.330000	1	0.015625
8	0.330000	2	0.031250
9	0.330000	3	0.046875
10	0.330000	3	0.046875
11	0.330000	1	0.015625
12	0.330000	2	0.031250
13	0.330000	4	0.062500
14	0.330000	2	0.031250
15	0.330000	2	0.031250
16	0.330000	2	0.031250
17	0.330000	1	0.015625
18	0.330000	2	0.031250
19	0.330000	2	0.031250
20	0.330000	3	0.046875
21	0.330000	8	0.125000
22	0.330000	1	0.015625
23	0.330000	2	0.031250
24	0.330000	0	0.
25	0.330000	1	0.015625
26	0.330000	0	0.
27	0.330000	2	0.031250
28	0.330000	0	0.
29	0.330000	2	0.031250
30	0.330000	1	0.015625
31	0.330000	1	0.015625
32	0.330000	0	0.
33	0.330000	3	0.046875
34	0.330000	2	0.031250
35	0.330000	1	0.015625
36	0.330000	0	0.
37	0.330000	0	0.
38	0.330000	1	0.015625
39	0.330000	0	0.
40	0.330000	0	0.
41	0.330000	0	0.
42	0.330000	0	0.
43	0.330000	0	0.
44	0.330000	0	0.
45	0.330000	0	0.
46	0.330000	0	0.
47	0.330000	0	0.
48	0.330000	0	0.
49	0.330000	0	0.
50	0.330000	0	0.
51	0.330000	0	0.
52	0.330000	0	0.
53	0.330000	0	0.
54	0.330000	0	0.
55	0.330000	0	0.
56	0.330000	0	0.
57	0.330000	0	0.
58	0.330000	0	0.
59	0.330000	0	0.
60	0.330000	0	0.
61	0.330000	0	0.
62	0.330000	0	0.
63	0.330000	0	0.
64	0.330000	0	0.
1	0.340000	3	0.046875
2	0.340000	0	0.
3	0.340000	1	0.015625
4	0.340000	4	0.062500
5	0.340000	1	0.015625
6	0.340000	3	0.046875
7	0.340000	2	0.031250
8	0.340000	1	0.015625
9	0.340000	4	0.062500
10	0.340000	2	0.031250
11	0.340000	2	0.031250
12	0.340000	2	0.031250
13	0.340000	3	0.046875
14	0.340000	2	0.031250
15	0.340000	2	0.031250
16	0.340000	3	0.046875
17	0.340000	2	0.031250
18	0.340000	2	0.031250
19	0.340000	7	0.109375
20	0.340000	4	0.062500
21	0.340000	0	0.
22	0.340000	1	0.015625
23	0.340000	0	0.
24	0.340000	1	0.015625
25	0.340000	2	0.031250
26	0.340000	1	0.015625
27	0.340000	0	0.
28	0.340000	0	0.
29	0.340000	3	0.046875
30	0.340000	2	0.031250
31	0.340000	2	0.031250
32	0.340000	0	0.
33	0.340000	0	0.
34	0.340000	2	0.031250
35	0.340000	0	0.
36	0.340000	0	0.
37	0.340000	0	0.
38	0.340000	0	0.
39	0.340000	0	0.
40	0.340000	0	0.
41	0.340000	0	0.
42	0.340000	0	0.
43	0.340000	0	0.
44	0.340000	0	0.
45	0.340000	0	0.
46	0.340000	0	0.
47	0.340000	0	0.
48	0.340000	0	0.
49	0.340000	0	0.
50	0.340000	0	0.
51	0.340000	0	0.
52	0.340000	0	0.
53	0.340000	0	0.
54	0.340000	0	0.
55	0.340000	0	0.
56	0.340000	0	0.
57	0.340000	0	0.
58	0.340000	0	0.
59	0.340000	0	0.
60	0.340000	0	0.
61	0.340000	0	0.
62	0.340000	0	0.
63	0.340000	0	0.
64	0.340000	0	0.
1	0.350000	2	0.031250
2	0.350000	1	0.015625
3	0.350000	1	0.015625
4	0.350000	5	0.078125
5	0.350000	1	0.015625
6	0.350000	3	0.046875
7	0.350000	1	0.015625
8	0.350000	1	0.015625
9	0.350000	4	0.062500
10	0.350000	3	0.046875
11	0.350000	3	0.046875
12	0.350000	6	0.093750
13	0.350000	2	0.031250
14	0.350000	1	0.015625
15	0.350000	0	0.
16	0.350000	5	0.078125
17	0.350000	6	0.093750
18	0.350000	1	0.015625
19	0.350000	4	0.062500
20	0.350000	1	0.015625
21	0.350000	1	0.015625
22	0.350000	1	0.015625
23	0.350000	1	0.015625
24	0.350000	0	0.
25	0.350000	1	0.015625
26	0.350000	0	0.
27	0.350000	3	0.046875
28	0.350000	2	0.031250
29	0.350000	1	0.015625
30	0.350000	1	0.015625
31	0.350000	1	0.015625
32	0.350000	0	0.
33	0.350000	0	0.
34	0.350000	0	0.
35	0.350000	0	0.
36	0.350000	0	0.
37	0.350000	0	0.
38	0.350000	0	0.
39	0.350000	0	0.
40	0.350000	0	0.
41	0.350000	0	0.
42	0.350000	0	0.
43	0.350000	0	0.
44	0.350000	0	0.
45	0.350000	0	0.
46	0.350000	0	0.
47	0.350000	0	0.
48	0.350000	0	0.
49	0.350000	0	0.
50	0.350000	0	0.
51	0.350000	0	0.
52	0.350000	0	0.
53	0.350000	0	0.
54	0.350000	0	0.
55	0.350000	0	0.
56	0.350000	0	0.
57	0.350000	0	0.
58	0.350000	0	0.
59	0.350000	0	0.
60	0.350000	0	0.
61	0.350000	0	0.
62	0.350000	0	0.
63	0.350000	0	0.
64	0.350000	0	0.
1	0.360000	3	0.046875
2	0.360000	1	0.015625
3	0.360000	4	0.062500
4	0.360000	2	0.031250
5	0.360000	1	0.015625
6	0.360000	4	0.062500
7	0.360000	0	0.
8	0.360000	0	0.
9	0.360000	7	0.109375
10	0.360000	9	0.140625
11	0.360000	2	0.031250
12	0.360000	3	0.046875
13	0.360000	3	0.046875
14	0.360000	1	0.015625
15	0.360000	1	0.015625
16	0.360000	4	0.062500
17	0.360000	5	0.078125
18	0.360000	3	0.046875
19	0.360000	0	0.
20	0.360000	1	0.015625
21	0.360000	1	0.015625
22	0.360000	2	0.031250
23	0.360000	0	0.
24	0.360000	1	0.015625
25	0.360000	2	0.031250
26	0.360000	2	0.031250
27	0.360000	1	0.015625
28	0.360000	0	0.
29	0.360000	0	0.
30	0.360000	0	0.
31	0.360000	0	0.
32	0.360000	0	0.
33	0.360000	0	0.
34	0.360000	0	0.
35	0.360000	0	0.
36	0.360000	0	0.
37	0.360000	0	0.
38	0.360000	0	0.
39	0.360000	0	0.
40	0.360000	0	0.
41	0.360000	0	0.
42	0.360000	0	0.
43	0.360000	0	0.
44	0.360000	0	0.
45	0.360000	0	0.
46	0.360000	0	0.
47	0.360000	0	0.
48	0.360000	0	0.
49	0.360000	0	0.
50	0.360000	0	0.
51	0.360000	0	0.
52	0.360000	0	0.
53	0.360000	0	0.
54	0.360000	0	0.
55	0.360000	0	0.
56	0.360000	0	0.
57	0.360000	0	0.
58	0.360000	0	0.
59	0.360000	0	0.
60	0.360000	0	0.
61	0.360000	0	0.
62	0.360000	0	0.
63	0.360000	0	0.
64	0.360000	0	0.
1	0.370000	3	0.046875
2	0.370000	3	0.046875
3	0.370000	4	0.062500
4	0.370000	1	0.015625
5	0.370000	2	0.031250
6	0.370000	2	0.031250
7	0.370000	2	0.031250
8	0.370000	7	0.109375
9	0.370000	6	0.093750
10	0.370000	6	0.093750
11	0.370000	1	0.015625
12	0.370000	2	0.031250
13	0.370000	3	0.046875
14	0.370000	2	0.031250
15	0.370000	5	0.078125
16	0.370000	4	0.062500
17	0.370000	0	0.
18	0.370000	1	0.015625
19	0.370000	2	0.031250
20	0.370000	2	0.031250
21	0.370000	1	0.015625
22	0.370000	2	0.031250
23	0.370000	0	0.
24	0.370000	1	0.015625
25	0.370000	1	0.015625
26	0.370000	0	0.
27	0.370000	0	0.
28	0.370000	0	0.
29	0.370000	0	0.
30	0.370000	0	0.
31	0.370000	0	0.
32	0.370000	0	0.
33	0.370000	0	0.
34	0.370000	0	0.
35	0.370000	0	0.
36	0.370000	0	0.
37	0.370000	0	0.
38	0.370000	0	0.
39	0.370000	0	0.
40	0.370000	0	0.
41	0.370000	0	0.
42	0.370000	0	0.
43	0.370000	0	0.
44	0.370000	0	0.
45	0.370000	0	0.
46	0.370000	0	0.
47	0.370000	0	0.
48	0.370000	0	0.
49	0.370000	0	0.
50	0.370000	0	0.
51	0.370000	0	0.
52	0.370000	0	0.
53	0.370000	0	0.
54	0.370000	0	0.
55	0.370000	0	0.
56	0.370000	0	0.
57	0.370000	0	0.
58	0.370000	0	0.
59	0.370000	0	0.
60	0.370000	0	0.
61	0.370000	0	0.
62	0.370000	0	0.
63	0.370000	0	0.
64	0.370000	0	0.
1	0.380000	3	0.046875
2	0.380000	3	0.046875
3	0.380000	4	0.062500
4	0.380000	2	0.031250
5	0.380000	4	0.062500
6	0.380000	1	0.015625
7	0.380000	5	0.078125
8	0.380000	6	0.093750
9	0.380000	5	0.078125
10	0.380000	6	0.093750
11	0.380000	0	0.
12	0.380000	3	0.046875
13	0.380000	4	0.062500
14	0.380000	3	0.046875
15	0.380000	4	0.062500
16	0.380000	2	0.031250
17	0.380000	1	0.015625
18	0.380000	2	0.031250
19	0.380000	2	0.031250
20	0.380000	1	0.015625
21	0.380000	0	0.
22	0.380000	2	0.031250
23	0.380000	0	0.
24	0.380000	0	0.
25	0.380000	0	0.
26	0.380000	0	0.
27	0.380000	0	0.
28	0.380000	0	0.
29	0.380000	0	0.
30	0.380000	0	0.
31	0.380000	0	0.
32	0.380000	0	0.
33	0.380000	0	0.
34	0.380000	0	0.
35	0.380000	0	0.
36	0.380000	0	0.
37	0.380000	0	0.
38	0.380000	0	0.
39	0.380000	0	0.
40	0.380000	0	0.
41	0.380000	0	0.
42	0.380000	0	0.
43	0.380000	0	0.
44	0.380000	0	0.
45	0.380000	0	0.
46	0.380000	0	0.
47	0.380000	0	0.
48	0.380000	0	0.
49	0.380000	0	0.
50	0.380000	0	0.
51	0.380000	0	0.
52	0.380000	0	0.
53	0.380000	0	0.
54	0.380000	0	0.
55	0.380000	0	0.
56	0.380000	0	0.
57	0.380000	0	0.
58	0.380000	0	0.
59	0.380000	0	0.
60	0.380000	0	0.
61	0.380000	0	0.
62	0.380000	0	0.
63	0.380000	0	0.
64	0.380000	0	0.
1	0.390000	4	0.062500
2	0.390000	3	0.046875
3	0.390000	5	0.078125
4	0.390000	3	0.046875
5	0.390000	3	0.046875
6	0.390000	4	0.062500
7	0.390000	4	0.062500
8	0.390000	5	0.078125
9	0.390000	8	0.125000
10	0.390000	1	0.015625
11	0.390000	5	0.078125
12	0.390000	4	0.062500
13	0.390000	5	0.078125
14	0.390000	1	0.015625
15	0.390000	1	0.015625
16	0.390000	2	0.031250
17	0.390000	1	0.015625
18	0.390000	2	0.031250
19	0.390000	1	0.015625
20	0.390000	0	0.
21	0.390000	1	0.015625
22	0.390000	0	0.
23	0.390000	0	0.
24	0.390000	0	0.
25	0.390000	0	0.
26	0.390000	0	0.
27	0.390000	0	0.
28	0.390000	0	0.
29	0.390000	0	0.
30	0.390000	0	0.
31	0.390000	0	0.
32	0.390000	0	0.
33	0.390000	0	0.
34	0.390000	0	0.
35	0.390000	0	0.
36	0.390000	0	0.
37	0.390000	0	0.
38	0.390000	0	0.
39	0.390000	0	0.
40	0.390000	0	0.
41	0.390000	0	0.
42	0.390000	0	0.
43	0.390000	0	0.
44	0.390000	0	0.
45	0.390000	0	0.
46	0.390000	0	0.
47	0.390000	0	0.
48	0.390000	0	0.
49	0.390000	0	0.
50	0.390000	0	0.
51	0.390000	0	0.
52	0.390000	0	0.
53	0.390000	0	0.
54	0.390000	0	0.
55	0.390000	0	0.
56	0.390000	0	0.
57	0.390000	0	0.
58	0.390000	0	0.
59	0.390000	0	0.
60	0.390000	0	0.
61	0.390000	0	0.
62	0.390000	0	0.
63	0.390000	0	0.
64	0.390000	0	0.
1	0.400000	6	0.093750
2	0.400000	2	0.031250
3	0.400000	5	0.078125
4	0.400000	3	0.046875
5	0.400000	3	0.046875
6	0.400000	4	0.062500
7	0.400000	10	0.156250
8	0.400000	3	0.046875
9	0.400000	7	0.109375
10	0.400000	1	0.015625
11	0.400000	6	0.093750
12	0.400000	5	0.078125
13	0.400000	0	0.
14	0.400000	3	0.046875
15	0.400000	2	0.031250
16	0.400000	1	0.015625
17	0.400000	1	0.015625
18	0.400000	0	0.
19	0.400000	0	0.
20	0.400000	1	0.015625
21	0.400000	0	0.
22	0.400000	0	0.
23	0.400000	0	0.
24	0.400000	0	0.
25	0.400000	0	0.
26	0.400000	0	0.
27	0.400000	0	0.
28	0.400000	0	0.
29	0.400000	0	0.
30	0.400000	0	0.
31	0.400000	0	0.
32	0.400000	0	0.
33	0.400000	0	0.
34	0.400000	0	0.
35	0.400000	0	0.
36	0.400000	0	0.
37	0.400000	0	0.
38	0.400000	0	0.
39	0.400000	0	0.
40	0.400000	0	0.
41	0.400000	0	0.
42	0.400000	0	0.
43	0.400000	0	0.
44	0.400000	0	0.
45	0.400000	0	0.
46	0.400000	0	0.
47	0.400000	0	0.
48	0.400000	0	0.
49	0.400000	0	0.
50	0.400000	0	0.
51	0.400000	0	0.
52	0.400000	0	0.
53	0.400000	0	0.
54	0.400000	0	0.
55	0.400000	0	0.
56	0.400000	0	0.
57	0.400000	0	0.
58	0.400000	0	0.
59	0.400000	0	0.
60	0.400000	0	0.
61	0.400000	0	0.
62	0.400000	0	0.
63	0.400000	0	0.
64	0.400000	0	0.
1	0.410000	6	0.093750
2	0.410000	2	0.031250
3	0.410000	5	0.078125
4	0.410000	5	0.078125
5	0.410000	3	0.046875
6	0.410000	6	0.093750
7	0.410000	8	0.125000
8	0.410000	9	0.140625
9	0.410000	5	0.078125
10	0.410000	4	0.062500
11	0.410000	3	0.046875
12	0.410000	3	0.046875
13	0.410000	0	0.
14	0.410000	2	0.031250
15	0.410000	1	0.015625
16	0.410000	0	0.
17	0.410000	0	0.
18	0.410000	0	0.
19	0.410000	1	0.015625
20	0.410000	0	0.
21	0.410000	0	0.
22	0.410000	0	0.
23	0.410000	0	0.
24	0.410000	0	0.
25	0.410000	0	0.
26	0.410000	0	0.
27	0.410000	0	0.
28	0.410000	0	0.
29	0.410000	0	0.
30	0.410000	0	0.
31	0.410000	0	0.
32	0.410000	0	0.
33	0.410000	0	0.
34	0.410000	0	0.
35	0.410000	0	0.
36	0.410000	0	0.
37	0.410000	0	0.
38	0.410000	0	0.
39	0.410000	0	0.
40	0.410000	0	0.
41	0.410000	0	0.
42	0.410000	0	0.
43	0.410000	0	0.
44	0.410000	0	0.
45	0.410000	0	0.
46	0.410000	0	0.
47	0.410000	0	0.
48	0.410000	0	0.
49	0.410000	0	0.
50	0.410000	0	0.
51	0.410000	0	0.
52	0.410000	0	0.
53	0.410000	0	0.
54	0.410000	0	0.
55	0.410000	0	0.
56	0.410000	0	0.
57	0.410000	0	0.
58	0.410000	0	0.
59	0.410000	0	0.
60	0.410000	0	0.
61	0.410000	0	0.
62	0.410000	0	0.
63	0.410000	0	0.
64	0.410000	0	0.
1	0.420000	8	0.125000
2	0.420000	4	0.062500
3	0.420000	5	0.078125
4	0.420000	4	0.062500
5	0.420000	4	0.062500
6	0.420000	7	0.109375
7	0.420000	9	0.140625
8	0.420000	8	0.125000
9	0.420000	5	0.078125
10	0.420000	2	0.031250
11	0.420000	3	0.046875
12	0.420000	2	0.031250
13	0.420000	0	0.
14	0.420000	0	0.
15	0.420000	2	0.031250
16	0.420000	0	0.
17	0.420000	0	0.
18	0.420000	0	0.
19	0.420000	0	0.
20	0.420000	0	0.
21	0.420000	0	0.
22	0.420000	0	0.
23	0.420000	0	0.
24	0.420000	0	0.
25	0.420000	0	0.
26	0.420000	0	0.
27	0.420000	0	0.
28	0.420000	0	0.
29	0.420000	0	0.
30	0.420000	0	0.
31	0.420000	0	0.
32	0.420000	0	0.
33	0.420000	0	0.
34	0.420000	0	0.
35	0.420000	0	0.
36	0.420000	0	0.
37	0.420000	0	0.
38	0.420000	0	0.
39	0.420000	0	0.
40	0.420000	0	0.
41	0.420000	0	0.
42	0.420000	0	0.
43	0.420000	0	0.
44	0.420000	0	0.
45	0.420000	0	0.
46	0.420000	0	0.
47	0.420000	0	0.
48	0.420000	0	0.
49	0.420000	0	0.
50	0.420000	0	0.
51	0.420000	0	0.
52	0.420000	0	0.
53	0.420000	0	0.
54	0.420000	0	0.
55	0.420000	0	0.
56	0.420000	0	0.
57	0.420000	0	0.
58	0.420000	0	0.
59	0.420000	0	0.
60	0.420000	0	0.
61	0.420000	0	0.
62	0.420000	0	0.
63	0.420000	0	0.
64	0.420000	0	0.
1	0.430000	8	0.125000
2	0.430000	6	0.093750
3	0.430000	6	0.093750
4	0.430000	3	0.046875
5	0.430000	8	0.125000
6	0.430000	7	0.109375
7	0.430000	7	0.109375
8	0.430000	8	0.125000
9	0.430000	4	0.062500
10	0.430000	2	0.031250
11	0.430000	2	0.031250
12	0.430000	0	0.
13	0.430000	0	0.
14	0.430000	1	0.015625
15	0.430000	1	0.015625
16	0.430000	0	0.
17	0.430000	0	0.
18	0.430000	0	0.
19	0.430000	0	0.
20	0.430000	0	0.
21	0.430000	0	0.
22	0.430000	0	0.
23	0.430000	0	0.
24	0.430000	0	0.
25	0.430000	0	0.
26	0.430000	0	0.
27	0.430000	0	0.
28	0.430000	0	0.
29	0.430000	0	0.
30	0.430000	0	0.
31	0.430000	0	0.
32	0.430000	0	0.
33	0.430000	0	0.
34	0.430000	0	0.
35	0.430000	0	0.
36	0.430000	0	0.
37	0.430000	0	0.
38	0.430000	0	0.
39	0.430000	0	0.
40	0.430000	0	0.
41	0.430000	0	0.
42	0.430000	0	0.
43	0.430000	0	0.
44	0.430000	0	0.
45	0.430000	0	0.
46	0.430000	0	0.
47	0.430000	0	0.
48	0.430000	0	0.
49	0.430000	0	0.
50	0.430000	0	0.
51	0.430000	0	0.
52	0.430000	0	0.
53	0.430000	0	0.
54	0.430000	0	0.
55	0.430000	0	0.
56	0.430000	0	0.
57	0.430000	0	0.
58	0.430000	0	0.
59	0.430000	0	0.
60	0.430000	0	0.
61	0.430000	0	0.
62	0.430000	0	0.
63	0.430000	0	0.
64	0.430000	0	0.
1	0.440000	8	0.125000
2	0.440000	6	0.093750
3	0.440000	10	0.156250
4	0.440000	3	0.046875
5	0.440000	12	0.187500
6	0.440000	8	0.125000
7	0.440000	5	0.078125
8	0.440000	5	0.078125
9	0.440000	3	0.046875
10	0.440000	1	0.015625
11	0.440000	0	0.
12	0.440000	0	0.
13	0.440000	0	0.
14	0.440000	2	0.031250
15	0.440000	0	0.
16	0.440000	0	0.
17	0.440000	0	0.
18	0.440000	0	0.
19	0.440000	0	0.
20	0.440000	0	0.
21	0.440000	0	0.
22	0.440000	0	0.
23	0.440000	0	0.
24	0.440000	0	0.
25	0.440000	0	0.
26	0.440000	0	0.
27	0.440000	0	0.
28	0.440000	0	0.
29	0.440000	0	0.
30	0.440000	0	0.
31	0.440000	0	0.
32	0.440000	0	0.
33	0.440000	0	0.
34	0.440000	0	0.
35	0.440000	0	0.
36	0.440000	0	0.
37	0.440000	0	0.
38	0.440000	0	0.
39	0.440000	0	0.
40	0.440000	0	0.
41	0.440000	0	0.
42	0.440000	0	0.
43	0.440000	0	0.
44	0.440000	0	0.
45	0.440000	0	0.
46	0.440000	0	0.
47	0.440000	0	0.
48	0.440000	0	0.
49	0.440000	0	0.
50	0.440000	0	0.
51	0.440000	0	0.
52	0.440000	0	0.
53	0.440000	0	0.
54	0.440000	0	0.
55	0.440000	0	0.
56	0.440000	0	0.
57	0.440000	0	0.
58	0.440000	0	0.
59	0.440000	0	0.
60	0.440000	0	0.
61	0.440000	0	0.
62	0.440000	0	0.
63	0.440000	0	0.
64	0.440000	0	0.
1	0.450000	9	0.140625
2	0.450000	5	0.078125
3	0.450000	10	0.156250
4	0.450000	8	0.125000
5	0.450000	11	0.171875
6	0.450000	5	0.078125
7	0.450000	3	0.046875
8	0.450000	5	0.078125
9	0.450000	3	0.046875
10	0.450000	0	0.
11	0.450000	2	0.031250
12	0.450000	0	0.
13	0.450000	0	0.
14	0.450000	0	0.
15	0.450000	0	0.
16	0.450000	0	0.
17	0.450000	0	0.
18	0.450000	0	0.
19	0.450000	0	0.
20	0.450000	0	0.
21	0.450000	0	0.
22	0.450000	0	0.
23	0.450000	0	0.
24	0.450000	0	0.
25	0.450000	0	0.
26	0.450000	0	0.
27	0.450000	0	0.
28	0.450000	0	0.
29	0.450000	0	0.
30	0.450000	0	0.
31	0.450000	0	0.
32	0.450000	0	0.
33	0.450000	0	0.
34	0.450000	0	0.
35	0.450000	0	0.
36	0.450000	0	0.
37	0.450000	0	0.
38	0.450000	0	0.
39	0.450000	0	0.
40	0.450000	0	0.
41	0.450000	0	0.
42	0.450000	0	0.
43	0.450000	0	0.
44	0.450000	0	0.
45	0.450000	0	0.
46	0.450000	0	0.
47	0.450000	0	0.
48	0.450000	0	0.
49	0.450000	0	0.
50	0.450000	0	0.
51	0.450000	0	0.
52	0.450000	0	0.
53	0.450000	0	0.
54	0.450000	0	0.
55	0.450000	0	0.
56	0.450000	0	0.
57	0.450000	0	0.
58	0.450000	0	0.
59	0.450000	0	0.
60	0.450000	0	0.
61	0.450000	0	0.
62	0.450000	0	0.
63	0.450000	0	0.
64	0.450000	0	0.
1	0.460000	10	0.156250
2	0.460000	5	0.078125
3	0.460000	12	0.187500
4	0.460000	10	0.156250
5	0.460000	8	0.125000
6	0.460000	8	0.125000
7	0.460000	4	0.062500
8	0.460000	1	0.015625
9	0.460000	2	0.031250
10	0.460000	1	0.015625
11	0.460000	0	0.
12	0.460000	0	0.
13	0.460000	0	0.
14	0.460000	0	0.
15	0.460000	0	0.
16	0.460000	0	0.
17	0.460000	0	0.
18	0.460000	0	0.
19	0.460000	0	0.
20	0.460000	0	0.
21	0.460000	0	0.
22	0.460000	0	0.
23	0.460000	0	0.
24	0.460000	0	0.
25	0.460000	0	0.
26	0.460000	0	0.
27	0.460000	0	0.
28	0.460000	0	0.
29	0.460000	0	0.
30	0.460000	0	0.
31	0.460000	0	0.
32	0.460000	0	0.
33	0.460000	0	0.
34	0.460000	0	0.
35	0.460000	0	0.
36	0.460000	0	0.
37	0.460000	0	0.
38	0.460000	0	0.
39	0.460000	0	0.
40	0.460000	0	0.
41	0.460000	0	0.
42	0.460000	0	0.
43	0.460000	0	0.
44	0.460000	0	0.
45	0.460000	0	0.
46	0.460000	0	0.
47	0.460000	0	0.
48	0.460000	0	0.
49	0.460000	0	0.
50	0.460000	0	0.
51	0.460000	0	0.
52	0.460000	0	0.
53	0.460000	0	0.
54	0.460000	0	0.
55	0.460000	0	0.
56	0.460000	0	0.
57	0.460000	0	0.
58	0.460000	0	0.
59	0.460000	0	0.
60	0.460000	0	0.
61	0.460000	0	0.
62	0.460000	0	0.
63	0.460000	0	0.
64	0.460000	0	0.
1	0.470000	13	0.203125
2	0.470000	6	0.093750
3	0.470000	13	0.203125
4	0.470000	12	0.187500
5	0.470000	6	0.093750
6	0.470000	5	0.078125
7	0.470000	2	0.031250
8	0.470000	2	0.031250
9	0.470000	2	0.031250
10	0.470000	0	0.
11	0.470000	0	0.
12	0.470000	0	0.
13	0.470000	0	0.
14	0.470000	0	0.
15	0.470000	0	0.
16	0.470000	0	0.
17	0.470000	0	0.
18	0.470000	0	0.
19	0.470000	0	0.
20	0.470000	0	0.
21	0.470000	0	0.
22	0.470000	0	0.
23	0.470000	0	0.
24	0.470000	0	0.
25	0.470000	0	0.
26	0.470000	0	0.
27	0.470000	0	0.
28	0.470000	0	0.
29	0.470000	0	0.
30	0.470000	0	0.
31	0.470000	0	0.
32	0.470000	0	0.
33	0.470000	0	0.
34	0.470000	0	0.
35	0.470000	0	0.
36	0.470000	0	0.
37	0.470000	0	0.
38	0.470000	0	0.
39	0.470000	0	0.
40	0.470000	0	0.
41	0.470000	0	0.
42	0.470000	0	0.
43	0.470000	0	0.
44	0.470000	0	0.
45	0.470000	0	0.
46	0.470000	0	0.
47	0.470000	0	0.
48	0.470000	0	0.
49	0.470000	0	0.
50	0.470000	0	0.
51	0.470000	0	0.
52	0.470000	0	0.
53	0.470000	0	0.
54	0.470000	0	0.
55	0.470000	0	0.
56	0.470000	0	0.
57	0.470000	0	0.
58	0.470000	0	0.
59	0.470000	0	0.
60	0.470000	0	0.
61	0.470000	0	0.
62	0.470000	0	0.
63	0.470000	0	0.
64	0.470000	0	0.
1	0.480000	13	0.203125
2	0.480000	9	0.140625
3	0.480000	15	0.234375
4	0.480000	12	0.187500
5	0.480000	6	0.093750
6	0.480000	1	0.015625
7	0.480000	4	0.062500
8	0.480000	1	0.015625
9	0.480000	0	0.
10	0.480000	0	0.
11	0.480000	0	0.
12	0.480000	0	0.
13	0.480000	0	0.
14	0.480000	0	0.
15	0.480000	0	0.
16	0.480000	0	0.
17	0.480000	0	0.
18	0.480000	0	0.
19	0.480000	0	0.
20	0.480000	0	0.
21	0.480000	0	0.
22	0.480000	0	0.
23	0.480000	0	0.
24	0.480000	0	0.
25	0.480000	0	0.
26	0.480000	0	0.
27	0.480000	0	0.
28	0.480000	0	0.
29	0.480000	0	0.
30	0.480000	0	0.
31	0.480000	0	0.
32	0.480000	0	0.
33	0.480000	0	0.
34	0.480000	0	0.
35	0.480000	0	0.
36	0.480000	0	0.
37	0.480000	0	0.
38	0.480000	0	0.
39	0.480000	0	0.
40	0.480000	0	0.
41	0.480000	0	0.
42	0.480000	0	0.
43	0.480000	0	0.
44	0.480000	0	0.
45	0.480000	0	0.
46	0.480000	0	0.
47	0.480000	0	0.
48	0.480000	0	0.
49	0.480000	0	0.
50	0.480000	0	0.
51	0.480000	0	0.
52	0.480000	0	0.
53	0.480000	0	0.
54	0.480000	0	0.
55	0.480000	0	0.
56	0.480000	0	0.
57	0.480000	0	0.
58	0.480000	0	0.
59	0.480000	0	0.
60	0.480000	0	0.
61	0.480000	0	0.
62	0.480000	0	0.
63	0.480000	0	0.
64	0.480000	0	0.
1	0.490000	14	0.218750
2	0.490000	10	0.156250
3	0.490000	16	0.250000
4	0.490000	11	0.171875
5	0.490000	4	0.062500
6	0.490000	0	0.
7	0.490000	4	0.062500
8	0.490000	0	0.
9	0.490000	0	0.
10	0.490000	0	0.
11	0.490000	0	0.
12	0.490000	0	0.
13	0.490000	0	0.
14	0.490000	0	0.
15	0.490000	0	0.
16	0.490000	0	0.
17	0.490000	0	0.
18	0.490000	0	0.
19	0.490000	0	0.
20	0.490000	0	0.
21	0.490000	0	0.
22	0.490000	0	0.
23	0.490000	0	0.
24	0.490000	0	0.
25	0.490000	0	0.
26	0.490000	0	0.
27	0.490000	0	0.
28	0.490000	0	0.
29	0.490000	0	0.
30	0.490000	0	0.
31	0.490000	0	0.
32	0.490000	0	0.
33	0.490000	0	0.
34	0.490000	0	0.
35	0.490000	0	0.
36	0.490000	0	0.
37	0.490000	0	0.
38	0.490000	0	0.
39	0.490000	0	0.
40	0.490000	0	0.
41	0.490000	0	0.
42	0.490000	0	0.
43	0.490000	0	0.
44	0.490000	0	0.
45	0.490000	0	0.
46	0.490000	0	0.
47	0.490000	0	0.
48	0.490000	0	0.
49	0.490000	0	0.
50	0.490000	0	0.
51	0.490000	0	0.
52	0.490000	0	0.
53	0.490000	0	0.
54	0.490000	0	0.
55	0.490000	0	0.
56	0.490000	0	0.
57	0.490000	0	0.
58	0.490000	0	0.
59	0.490000	0	0.
60	0.490000	0	0.
61	0.490000	0	0.
62	0.490000	0	0.
63	0.490000	0	0.
64	0.490000	0	0.
1	0.500000	15	0.234375
2	0.500000	9	0.140625
3	0.500000	15	0.234375
4	0.500000	11	0.171875
5	0.500000	3	0.046875
6	0.500000	1	0.015625
7	0.500000	3	0.046875
8	0.500000	0	0.
9	0.500000	0	0.
10	0.500000	0	0.
11	0.500000	0	0.
12	0.500000	0	0.
13	0.500000	0	0.
14	0.500000	0	0.
15	0.500000	0	0.
16	0.500000	0	0.
17	0.500000	0	0.
18	0.500000	0	0.
19	0.500000	0	0.
20	0.500000	0	0.
21	0.500000	0	0.
22	0.500000	0	0.
23	0.500000	0	0.
24	0.500000	0	0.
25	0.500000	0	0.
26	0.500000	0	0.
27	0.500000	0	0.
28	0.500000	0	0.
29	0.500000	0	0.
30	0.500000	0	0.
31	0.500000	0	0.
32	0.500000	0	0.
33	0.500000	0	0.
34	0.500000	0	0.
35	0.500000	0	0.
36	0.500000	0	0.
37	0.500000	0	0.
38	0.500000	0	0.
39	0.500000	0	0.
40	0.500000	0	0.
41	0.500000	0	0.
42	0.500000	0	0.
43	0.500000	0	0.
44	0.500000	0	0.
45	0.500000	0	0.
46	0.500000	0	0.
47	0.500000	0	0.
48	0.500000	0	0.
49	0.500000	0	0.
50	0.500000	0	0.
51	0.500000	0	0.
52	0.500000	0	0.
53	0.500000	0	0.
54	0.500000	0	0.
55	0.500000	0	0.
56	0.500000	0	0.
57	0.500000	0	0.
58	0.500000	0	0.
59	0.500000	0	0.
60	0.500000	0	0.
61	0.500000	0	0.
62	0.500000	0	0.
63	0.500000	0	0.
64	0.500000	0	0.
1	0.510000	21	0.328125
2	0.510000	11	0.171875
3	0.510000	11	0.171875
4	0.510000	9	0.140625
5	0.510000	2	0.031250
6	0.510000	0	0.
7	0.510000	2	0.031250
8	0.510000	0	0.
9	0.510000	0	0.
10	0.510000	0	0.
11	0.510000	0	0.
12	0.510000	0	0.
13	0.510000	0	0.
14	0.510000	0	0.
15	0.510000	0	0.
16	0.510000	0	0.
17	0.510000	0	0.
18	0.510000	0	0.
19	0.510000	0	0.
20	0.510000	0	0.
21	0.510000	0	0.
22	0.510000	0	0.
23	0.510000	0	0.
24	0.510000	0	0.
25	0.510000	0	0.
26	0.510000	0	0.
27	0.510000	0	0.
28	0.510000	0	0.
29	0.510000	0	0.
30	0.510000	0	0.
31	0.510000	0	0.
32	0.510000	0	0.
33	0.510000	0	0.
34	0.510000	0	0.
35	0.510000	0	0.
36	0.510000	0	0.
37	0.510000	0	0.
38	0.510000	0	0.
39	0.510000	0	0.
40	0.510000	0	0.
41	0.510000	0	0.
42	0.510000	0	0.
43	0.510000	0	0.
44	0.510000	0	0.
45	0.510000	0	0.
46	0.510000	0	0.
47	0.510000	0	0.
48	0.510000	0	0.
49	0.510000	0	0.
50	0.510000	0	0.
51	0.510000	0	0.
52	0.510000	0	0.
53	0.510000	0	0.
54	0.510000	0	0.
55	0.510000	0	0.
56	0.510000	0	0.
57	0.510000	0	0.
58	0.510000	0	0.
59	0.510000	0	0.
60	0.510000	0	0.
61	0.510000	0	0.
62	0.510000	0	0.
63	0.510000	0	0.
64	0.510000	0	0.
1	0.520000	21	0.328125
2	0.520000	11	0.171875
3	0.520000	11	0.171875
4	0.520000	8	0.125000
5	0.520000	1	0.015625
6	0.520000	1	0.015625
7	0.520000	1	0.015625
8	0.520000	0	0.
9	0.520000	0	0.
10	0.520000	0	0.
11	0.520000	0	0.
12	0.520000	0	0.
13	0.520000	0	0.
14	0.520000	0	0.
15	0.520000	0	0.
16	0.520000	0	0.
17	0.520000	0	0.
18	0.520000	0	0.
19	0.520000	0	0.
20	0.520000	0	0.
21	0.520000	0	0.
22	0.520000	0	0.
23	0.520000	0	0.
24	0.520000	0	0.
25	0.520000	0	0.
26	0.520000	0	0.
27	0.520000	0	0.
28	0.520000	0	0.
29	0.520000	0	0.
30	0.520000	0	0.
31	0.520000	0	0.
32	0.520000	0	0.
33	0.520000	0	0.
34	0.520000	0	0.
35	0.520000	0	0.
36	0.520000	0	0.
37	0.520000	0	0.
38	0.520000	0	0.
39	0.520000	0	0.
40	0.520000	0	0.
41	0.520000	0	0.
42	0.520000	0	0.
43	0.520000	0	0.
44	0.520000	0	0.
45	0.520000	0	0.
46	0.520000	0	0.
47	0.520000	0	0.
48	0.520000	0	0.
49	0.520000	0	0.
50	0.520000	0	0.
51	0.520000	0	0.
52	0.520000	0	0.
53	0.520000	0	0.
54	0.520000	0	0.
55	0.520000	0	0.
56	0.520000	0	0.
57	0.520000	0	0.
58	0.520000	0	0.
59	0.520000	0	0.
60	0.520000	0	0.
61	0.520000	0	0.
62	0.520000	0	0.
63	0.520000	0	0.
64	0.520000	0	0.
1	0.530000	23	0.359375
2	0.530000	9	0.140625
3	0.530000	13	0.203125
4	0.530000	6	0.093750
5	0.530000	0	0.
6	0.530000	2	0.031250
7	0.530000	0	0.
8	0.530000	0	0.
9	0.530000	0	0.
10	0.530000	0	0.
11	0.530000	0	0.
12	0.530000	0	0.
13	0.530000	0	0.
14	0.530000	0	0.
15	0.530000	0	0.
16	0.530000	0	0.
17	0.530000	0	0.
18	0.530000	0	0.
19	0.530000	0	0.
20	0.530000	0	0.
21	0.530000	0	0.
22	0.530000	0	0.
23	0.530000	0	0.
24	0.530000	0	0.
25	0.530000	0	0.
26	0.530000	0	0.
27	0.530000	0	0.
28	0.530000	0	0.
29	0.530000	0	0.
30	0.530000	0	0.
31	0.530000	0	0.
32	0.530000	0	0.
33	0.530000	0	0.
34	0.530000	0	0.
35	0.530000	0	0.
36	0.530000	0	0.
37	0.530000	0	0.
38	0.530000	0	0.
39	0.530000	0	0.
40	0.530000	0	0.
41	0.530000	0	0.
42	0.530000	0	0.
43	0.530000	0	0.
44	0.530000	0	0.
45	0.530000	0	0.
46	0.530000	0	0.
47	0.530000	0	0.
48	0.530000	0	0.
49	0.530000	0	0.
50	0.530000	0	0.
51	0.530000	0	0.
52	0.530000	0	0.
53	0.530000	0	0.
54	0.530000	0	0.
55	0.530000	0	0.
56	0.530000	0	0.
57	0.530000	0	0.
58	0.530000	0	0.
59	0.530000	0	0.
60	0.530000	0	0.
61	0.530000	0	0.
62	0.530000	0	0.
63	0.530000	0	0.
64	0.530000	0	0.
1	0.540000	27	0.421875
2	0.540000	10	0.156250
3	0.540000	13	0.203125
4	0.540000	3	0.046875
5	0.540000	0	0.
6	0.540000	0	0.
7	0.540000	0	0.
8	0.540000	0	0.
9	0.540000	0	0.
10	0.540000	0	0.
11	0.540000	0	0.
12	0.540000	0	0.
13	0.540000	0	0.
14	0.540000	0	0.
15	0.540000	0	0.
16	0.540000	0	0.
17	0.540000	0	0.
18	0.540000	0	0.
19	0.540000	0	0.
20	0.540000	0	0.
21	0.540000	0	0.
22	0.540000	0	0.
23	0.540000	0	0.
24	0.540000	0	0.
25	0.540000	0	0.
26	0.540000	0	0.
27	0.540000	0	0.
28	0.540000	0	0.
29	0.540000	0	0.
30	0.540000	0	0.
31	0.540000	0	0.
32	0.540000	0	0.
33	0.540000	0	0.
34	0.540000	0	0.
35	0.540000	0	0.
36	0.540000	0	0.
37	0.540000	0	0.
38	0.540000	0	0.
39	0.540000	0	0.
40	0.540000	0	0.
41	0.540000	0	0.
42	0.540000	0	0.
43	0.540000	0	0.
44	0.540000	0	0.
45	0.540000	0	0.
46	0.540000	0	0.
47	0.540000	0	0.
48	0.540000	0	0.
49	0.540000	0	0.
50	0.540000	0	0.
51	0.540000	0	0.
52	0.540000	0	0.
53	0.540000	0	0.
54	0.540000	0	0.
55	0.540000	0	0.
56	0.540000	0	0.
57	0.540000	0	0.
58	0.540000	0	0.
59	0.540000	0	0.
60	0.540000	0	0.
61	0.540000	0	0.
62	0.540000	0	0.
63	0.540000	0	0.
64	0.540000	0	0.
1	0.550000	27	0.421875
2	0.550000	13	0.203125
3	0.550000	7	0.109375
4	0.550000	2	0.031250
5	0.550000	0	0.
6	0.550000	0	0.
7	0.550000	0	0.
8	0.550000	0	0.
9	0.550000	0	0.
10	0.550000	0	0.
11	0.550000	0	0.
12	0.550000	0	0.
13	0.550000	0	0.
14	0.550000	0	0.
15	0.550000	0	0.
16	0.550000	0	0.
17	0.550000	0	0.
18	0.550000	0	0.
19	0.550000	0	0.
20	0.550000	0	0.
21	0.550000	0	0.
22	0.550000	0	0.
23	0.550000	0	0.
24	0.550000	0	0.
25	0.550000	0	0.
26	0.550000	0	0.
27	0.550000	0	0.
28	0.550000	0	0.
29	0.550000	0	0.
30	0.550000	0	0.
31	0.550000	0	0.
32	0.550000	0	0.
33	0.550000	0	0.
34	0.550000	0	0.
35	0.550000	0	0.
36	0.550000	0	0.
37	0.550000	0	0.
38	0.550000	0	0.
39	0.550000	0	0.
40	0.550000	0	0.
41	0.550000	0	0.
42	0.550000	0	0.
43	0.550000	0	0.
44	0.550000	0	0.
45	0.550000	0	0.
46	0.550000	0	0.
47	0.550000	0	0.
48	0.550000	0	0.
49	0.550000	0	0.
50	0.550000	0	0.
51	0.550000	0	0.
52	0.550000	0	0.
53	0.550000	0	0.
54	0.550000	0	0.
55	0.550000	0	0.
56	0.550000	0	0.
57	0.550000	0	0.
58	0.550000	0	0.
59	0.550000	0	0.
60	0.550000	0	0.
61	0.550000	0	0.
62	0.550000	0	0.
63	0.550000	0	0.
64	0.550000	0	0.
1	0.560000	27	0.421875
2	0.560000	12	0.187500
3	0.560000	5	0.078125
4	0.560000	1	0.015625
5	0.560000	0	0.
6	0.560000	0	0.
7	0.560000	0	0.
8	0.560000	0	0.
9	0.560000	0	0.
10	0.560000	0	0.
11	0.560000	0	0.
12	0.560000	0	0.
13	0.560000	0	0.
14	0.560000	0	0.
15	0.560000	0	0.
16	0.560000	0	0.
17	0.560000	0	0.
18	0.560000	0	0.
19	0.560000	0	0.
20	0.560000	0	0.
21	0.560000	0	0.
22	0.560000	0	0.
23	0.560000	0	0.
24	0.560000	0	0.
25	0.560000	0	0.
26	0.560000	0	0.
27	0.560000	0	0.
28	0.560000	0	0.
29	0.560000	0	0.
30	0.560000	0	0.
31	0.560000	0	0.
32	0.560000	0	0.
33	0.560000	0	0.
34	0.560000	0	0.
35	0.560000	0	0.
36	0.560000	0	0.
37	0.560000	0	0.
38	0.560000	0	0.
39	0.560000	0	0.
40	0.560000	0	0.
41	0.560000	0	0.
42	0.560000	0	0.
43	0.560000	0	0.
44	0.560000	0	0.
45	0.560000	0	0.
46	0.560000	0	0.
47	0.560000	0	0.
48	0.560000	0	0.
49	0.560000	0	0.
50	0.560000	0	0.
51	0.560000	0	0.
52	0.560000	0	0.
53	0.560000	0	0.
54	0.560000	0	0.
55	0.560000	0	0.
56	0.560000	0	0.
57	0.560000	0	0.
58	0.560000	0	0.
59	0.560000	0	0.
60	0.560000	0	0.
61	0.560000	0	0.
62	0.560000	0	0.
63	0.560000	0	0.
64	0.560000	0	0.
1	0.570000	29	0.453125
2	0.570000	10	0.156250
3	0.570000	5	0.078125
4	0.570000	0	0.
5	0.570000	0	0.
6	0.570000	0	0.
7	0.570000	0	0.
8	0.570000	0	0.
9	0.570000	0	0.
10	0.570000	0	0.
11	0.570000	0	0.
12	0.570000	0	0.
13	0.570000	0	0.
14	0.570000	0	0.
15	0.570000	0	0.
16	0.570000	0	0.
17	0.570000	0	0.
18	0.570000	0	0.
19	0.570000	0	0.
20	0.570000	0	0.
21	0.570000	0	0.
22	0.570000	0	0.
23	0.570000	0	0.
24	0.570000	0	0.
25	0.570000	0	0.
26	0.570000	0	0.
27	0.570000	0	0.
28	0.570000	0	0.
29	0.570000	0	0.
30	0.570000	0	0.
31	0.570000	0	0.
32	0.570000	0	0.
33	0.570000	0	0.
34	0.570000	0	0.
35	0.570000	0	0.
36	0.570000	0	0.
37	0.570000	0	0.
38	0.570000	0	0.
39	0.570000	0	0.
40	0.570000	0	0.
41	0.570000	0	0.
42	0.570000	0	0.
43	0.570000	0	0.
44	0.570000	0	0.
45	0.570000	0	0.
46	0.570000	0	0.
47	0.570000	0	0.
48	0.570000	0	0.
49	0.570000	0	0.
50	0.570000	0	0.
51	0.570000	0	0.
52	0.570000	0	0.
53	0.570000	0	0.
54	0.570000	0	0.
55	0.570000	0	0.
56	0.570000	0	0.
57	0.570000	0	0.
58	0.570000	0	0.
59	0.570000	0	0.
60	0.570000	0	0.
61	0.570000	0	0.
62	0.570000	0	0.
63	0.570000	0	0.
64	0.570000	0	0.
1	0.580000	31	0.484375
2	0.580000	8	0.125000
3	0.580000	3	0.046875
4	0.580000	0	0.
5	0.580000	0	0.
6	0.580000	0	0.
7	0.580000	0	0.
8	0.580000	0	0.
9	0.580000	0	0.
10	0.580000	0	0.
11	0.580000	0	0.
12	0.580000	0	0.
13	0.580000	0	0.
14	0.580000	0	0.
15	0.580000	0	0.
16	0.580000	0	0.
17	0.580000	0	0.
18	0.580000	0	0.
19	0.580000	0	0.
20	0.580000	0	0.
21	0.580000	0	0.
22	0.580000	0	0.
23	0.580000	0	0.
24	0.580000	0	0.
25	0.580000	0	0.
26	0.580000	0	0.
27	0.580000	0	0.
28	0.580000	0	0.
29	0.580000	0	0.
30	0.580000	0	0.
31	0.580000	0	0.
32	0.580000	0	0.
33	0.580000	0	0.
34	0.580000	0	0.
35	0.580000	0	0.
36	0.580000	0	0.
37	0.580000	0	0.
38	0.580000	0	0.
39	0.580000	0	0.
40	0.580000	0	0.
41	0.580000	0	0.
42	0.580000	0	0.
43	0.580000	0	0.
44	0.580000	0	0.
45	0.580000	0	0.
46	0.580000	0	0.
47	0.580000	0	0.
48	0.580000	0	0.
49	0.580000	0	0.
50	0.580000	0	0.
51	0.580000	0	0.
52	0.580000	0	0.
53	0.580000	0	0.
54	0.580000	0	0.
55	0.580000	0	0.
56	0.580000	0	0.
57	0.580000	0	0.
58	0.580000	0	0.
59	0.580000	0	0.
60	0.580000	0	0.
61	0.580000	0	0.
62	0.580000	0	0.
63	0.580000	0	0.
64	0.580000	0	0.
1	0.590000	33	0.515625
2	0.590000	7	0.109375
3	0.590000	1	0.015625
4	0.590000	0	0.
5	0.590000	0	0.
6	0.590000	0	0.
7	0.590000	0	0.
8	0.590000	0	0.
9	0.590000	0	0.
10	0.590000	0	0.
11	0.590000	0	0.
12	0.590000	0	0.
13	0.590000	0	0.
14	0.590000	0	0.
15	0.590000	0	0.
16	0.590000	0	0.
17	0.590000	0	0.
18	0.590000	0	0.
19	0.590000	0	0.
20	0.590000	0	0.
21	0.590000	0	0.
22	0.590000	0	0.
23	0.590000	0	0.
24	0.590000	0	0.
25	0.590000	0	0.
26	0.590000	0	0.
27	0.590000	0	0.
28	0.590000	0	0.
29	0.590000	0	0.
30	0.590000	0	0.
31	0.590000	0	0.
32	0.590000	0	0.
33	0.590000	0	0.
34	0.590000	0	0.
35	0.590000	0	0.
36	0.590000	0	0.
37	0.590000	0	0.
38	0.590000	0	0.
39	0.590000	0	0.
40	0.590000	0	0.
41	0.590000	0	0.
42	0.590000	0	0.
43	0.590000	0	0.
44	0.590000	0	0.
45	0.590000	0	0.
46	0.590000	0	0.
47	0.590000	0	0.
48	0.590000	0	0.
49	0.590000	0	0.
50	0.590000	0	0.
51	0.590000	0	0.
52	0.590000	0	0.
53	0.590000	0	0.
54	0.590000	0	0.
55	0.590000	0	0.
56	0.590000	0	0.
57	0.590000	0	0.
58	0.590000	0	0.
59	0.590000	0	0.
60	0.590000	0	0.
61	0.590000	0	0.
62	0.590000	0	0.
63	0.590000	0	0.
64	0.590000	0	0.
1	0.600000	29	0.453125
2	0.600000	6	0.093750
3	0.600000	1	0.015625
4	0.600000	0	0.
5	0.600000	0	0.
6	0.600000	0	0.
7	0.600000	0	0.
8	0.600000	0	0.
9	0.600000	0	0.
10	0.600000	0	0.
11	0.600000	0	0.
12	0.600000	0	0.
13	0.600000	0	0.
14	0.600000	0	0.
15	0.600000	0	0.
16	0.600000	0	0.
17	0.600000	0	0.
18	0.600000	0	0.
19	0.600000	0	0.
20	0.600000	0	0.
21	0.600000	0	0.
22	0.600000	0	0.
23	0.600000	0	0.
24	0.600000	0	0.
25	0.600000	0	0.
26	0.600000	0	0.
27	0.600000	0	0.
28	0.600000	0	0.
29	0.600000	0	0.
30	0.600000	0	0.
31	0.600000	0	0.
32	0.600000	0	0.
33	0.600000	0	0.
34	0.600000	0	0.
35	0.600000	0	0.
36	0.600000	0	0.
37	0.600000	0	0.
38	0.600000	0	0.
39	0.600000	0	0.
40	0.600000	0	0.
41	0.600000	0	0.
42	0.600000	0	0.
43	0.600000	0	0.
44	0.600000	0	0.
45	0.600000	0	0.
46	0.600000	0	0.
47	0.600000	0	0.
48	0.600000	0	0.
49	0.600000	0	0.
50	0.600000	0	0.
51	0.600000	0	0.
52	0.600000	0	0.
53	0.600000	0	0.
54	0.600000	0	0.
55	0.600000	0	0.
56	0.600000	0	0.
57	0.600000	0	0.
58	0.600000	0	0.
59	0.600000	0	0.
60	0.600000	0	0.
61	0.600000	0	0.
62	0.600000	0	0.
63	0.600000	0	0.
64	0.600000	0	0.
1	0.610000	30	0.468750
2	0.610000	1	0.015625
3	0.610000	0	0.
4	0.610000	0	0.
5	0.610000	0	0.
6	0.610000	0	0.
7	0.610000	0	0.
8	0.610000	0	0.
9	0.610000	0	0.
10	0.610000	0	0.
11	0.610000	0	0.
12	0.610000	0	0.
13	0.610000	0	0.
14	0.610000	0	0.
15	0.610000	0	0.
16	0.610000	0	0.
17	0.610000	0	0.
18	0.610000	0	0.
19	0.610000	0	0.
20	0.610000	0	0.
21	0.610000	0	0.
22	0.610000	0	0.
23	0.610000	0	0.
24	0.610000	0	0.
25	0.610000	0	0.
26	0.610000	0	0.
27	0.610000	0	0.
28	0.610000	0	0.
29	0.610000	0	0.
30	0.610000	0	0.
31	0.610000	0	0.
32	0.610000	0	0.
33	0.610000	0	0.
34	0.610000	0	0.
35	0.610000	0	0.
36	0.610000	0	0.
37	0.610000	0	0.
38	0.610000	0	0.
39	0.610000	0	0.
40	0.610000	0	0.
41	0.610000	0	0.
42	0.610000	0	0.
43	0.610000	0	0.
44	0.610000	0	0.
45	0.610000	0	0.
46	0.610000	0	0.
47	0.610000	0	0.
48	0.610000	0	0.
49	0.610000	0	0.
50	0.610000	0	0.
51	0.610000	0	0.
52	0.610000	0	0.
53	0.610000	0	0.
54	0.610000	0	0.
55	0.610000	0	0.
56	0.610000	0	0.
57	0.610000	0	0.
58	0.610000	0	0.
59	0.610000	0	0.
60	0.610000	0	0.
61	0.610000	0	0.
62	0.610000	0	0.
63	0.610000	0	0.
64	0.610000	0	0.
1	0.620000	30	0.468750
2	0.620000	1	0.015625
3	0.620000	0	0.
4	0.620000	0	0.
5	0.620000	0	0.
6	0.620000	0	0.
7	0.620000	0	0.
8	0.620000	0	0.
9	0.620000	0	0.
10	0.620000	0	0.
11	0.620000	0	0.
12	0.620000	0	0.
13	0.620000	0	0.
14	0.620000	0	0.
15	0.620000	0	0.
16	0.620000	0	0.
17	0.620000	0	0.
18	0.620000	0	0.
19	0.620000	0	0.
20	0.620000	0	0.
21	0.620000	0	0.
22	0.620000	0	0.
23	0.620000	0	0.
24	0.620000	0	0.
25	0.620000	0	0.
26	0.620000	0	0.
27	0.620000	0	0.
28	0.620000	0	0.
29	0.620000	0	0.
30	0.620000	0	0.
31	0.620000	0	0.
32	0.620000	0	0.
33	0.620000	0	0.
34	0.620000	0	0.
35	0.620000	0	0.
36	0.620000	0	0.
37	0.620000	0	0.
38	0.620000	0	0.
39	0.620000	0	0.
40	0.620000	0	0.
41	0.620000	0	0.
42	0.620000	0	0.
43	0.620000	0	0.
44	0.620000	0	0.
45	0.620000	0	0.
46	0.620000	0	0.
47	0.620000	0	0.
48	0.620000	0	0.
49	0.620000	0	0.
50	0.620000	0	0.
51	0.620000	0	0.
52	0.620000	0	0.
53	0.620000	0	0.
54	0.620000	0	0.
55	0.620000	0	0.
56	0.620000	0	0.
57	0.620000	0	0.
58	0.620000	0	0.
59	0.620000	0	0.
60	0.620000	0	0.
61	0.620000	0	0.
62	0.620000	0	0.
63	0.620000	0	0.
64	0.620000	0	0.
1	0.630000	24	0.375000
2	0.630000	1	0.015625
3	0.630000	0	0.
4	0.630000	0	0.
5	0.630000	0	0.
6	0.630000	0	0.
7	0.630000	0	0.
8	0.630000	0	0.
9	0.630000	0	0.
10	0.630000	0	0.
11	0.630000	0	0.
12	0.630000	0	0.
13	0.630000	0	0.
14	0.630000	0	0.
15	0.630000	0	0.
16	0.630000	0	0.
17	0.630000	0	0.
18	0.630000	0	0.
19	0.630000	0	0.
20	0.630000	0	0.
21	0.630000	0	0.
22	0.630000	0	0.
23	0.630000	0	0.
24	0.630000	0	0.
25	0.630000	0	0.
26	0.630000	0	0.
27	0.630000	0	0.
28	0.630000	0	0.
29	0.630000	0	0.
30	0.630000	0	0.
31	0.630000	0	0.
32	0.630000	0	0.
33	0.630000	0	0.
34	0.630000	0	0.
35	0.630000	0	0.
36	0.630000	0	0.
37	0.630000	0	0.
38	0.630000	0	0.
39	0.630000	0	0.
40	0.630000	0	0.
41	0.630000	0	0.
42	0.630000	0	0.
43	0.630000	0	0.
44	0.630000	0	0.
45	0.630000	0	0.
46	0.630000	0	0.
47	0.630000	0	0.
48	0.630000	0	0.
49	0.630000	0	0.
50	0.630000	0	0.
51	0.630000	0	0.
52	0.630000	0	0.
53	0.630000	0	0.
54	0.630000	0	0.
55	0.630000	0	0.
56	0.630000	0	0.
57	0.630000	0	0.
58	0.630000	0	0.
59	0.630000	0	0.
60	0.630000	0	0.
61	0.630000	0	0.
62	0.630000	0	0.
63	0.630000	0	0.
64	0.630000	0	0.
1	0.640000	22	0.343750
2	0.640000	0	0.
3	0.640000	0	0.
4	0.640000	0	0.
5	0.640000	0	0.
6	0.640000	0	0.
7	0.640000	0	0.
8	0.640000	0	0.
9	0.640000	0	0.
10	0.640000	0	0.
11	0.640000	0	0.
12	0.640000	0	0.
13	0.640000	0	0.
14	0.640000	0	0.
15	0.640000	0	0.
16	0.640000	0	0.
17	0.640000	0	0.
18	0.640000	0	0.
19	0.640000	0	0.
20	0.640000	0	0.
21	0.640000	0	0.
22	0.640000	0	0.
23	0.640000	0	0.
24	0.640000	0	0.
25	0.640000	0	0.
26	0.640000	0	0.
27	0.640000	0	0.
28	0.640000	0	0.
29	0.640000	0	0.
30	0.640000	0	0.
31	0.640000	0	0.
32	0.640000	0	0.
33	0.640000	0	0.
34	0.640000	0	0.
35	0.640000	0	0.
36	0.640000	0	0.
37	0.640000	0	0.
38	0.640000	0	0.
39	0.640000	0	0.
40	0.640000	0	0.
41	0.640000	0	0.
42	0.640000	0	0.
43	0.640000	0	0.
44	0.640000	0	0.
45	0.640000	0	0.
46	0.640000	0	0.
47	0.640000	0	0.
48	0.640000	0	0.
49	0.640000	0	0.
50	0.640000	0	0.
51	0.640000	0	0.
52	0.640000	0	0.
53	0.640000	0	0.
54	0.640000	0	0.
55	0.640000	0	0.
56	0.640000	0	0.
57	0.640000	0	0.
58	0.640000	0	0.
59	0.640000	0	0.
60	0.640000	0	0.
61	0.640000	0	0.
62	0.640000	0	0.
63	0.640000	0	0.
64	0.640000	0	0.
1	0.650000	20	0.312500
2	0.650000	0	0.
3	0.650000	0	0.
4	0.650000	0	0.
5	0.650000	0	0.
6	0.650000	0	0.
7	0.650000	0	0.
8	0.650000	0	0.
9	0.650000	0	0.
10	0.650000	0	0.
11	0.650000	0	0.
12	0.650000	0	0.
13	0.650000	0	0.
14	0.650000	0	0.
15	0.650000	0	0.
16	0.650000	0	0.
17	0.650000	0	0.
18	0.650000	0	0.
19	0.650000	0	0.
20	0.650000	0	0.
21	0.650000	0	0.
22	0.650000	0	0.
23	0.650000	0	0.
24	0.650000	0	0.
25	0.650000	0	0.
26	0.650000	0	0.
27	0.650000	0	0.
28	0.650000	0	0.
29	0.650000	0	0.
30	0.650000	0	0.
31	0.650000	0	0.
32	0.650000	0	0.
33	0.650000	0	0.
34	0.650000	0	0.
35	0.650000	0	0.
36	0.650000	0	0.
37	0.650000	0	0.
38	0.650000	0	0.
39	0.650000	0	0.
40	0.650000	0	0.
41	0.650000	0	0.
42	0.650000	0	0.
43	0.650000	0	0.
44	0.650000	0	0.
45	0.650000	0	0.
46	0.650000	0	0.
47	0.650000	0	0.
48	0.650000	0	0.
49	0.650000	0	0.
50	0.650000	0	0.
51	0.650000	0	0.
52	0.650000	0	0.
53	0.650000	0	0.
54	0.650000	0	0.
55	0.650000	0	0.
56	0.650000	0	0.
57	0.650000	0	0.
58	0.650000	0	0.
59	0.650000	0	0.
60	0.650000	0	0.
61	0.650000	0	0.
62	0.650000	0	0.
63	0.650000	0	0.
64	0.650000	0	0.
1	0.660000	16	0.250000
2	0.660000	0	0.
3	0.660000	0	0.
4	0.660000	0	0.
5	0.660000	0	0.
6	0.660000	0	0.
7	0.660000	0	0.
8	0.660000	0	0.
9	0.660000	0	0.
10	0.660000	0	0.
11	0.660000	0	0.
12	0.660000	0	0.
13	0.660000	0	0.
14	0.660000	0	0.
15	0.660000	0	0.
16	0.660000	0	0.
17	0.660000	0	0.
18	0.660000	0	0.
19	0.660000	0	0.
20	0.660000	0	0.
21	0.660000	0	0.
22	0.660000	0	0.
23	0.660000	0	0.
24	0.660000	0	0.
25	0.660000	0	0.
26	0.660000	0	0.
27	0.660000	0	0.
28	0.660000	0	0.
29	0.660000	0	0.
30	0.660000	0	0.
31	0.660000	0	0.
32	0.660000	0	0.
33	0.660000	0	0.
34	0.660000	0	0.
35	0.660000	0	0.
36	0.660000	0	0.
37	0.660000	0	0.
38	0.660000	0	0.
39	0.660000	0	0.
40	0.660000	0	0.
41	0.660000	0	0.
42	0.660000	0	0.
43	0.660000	0	0.
44	0.660000	0	0.
45	0.660000	0	0.
46	0.660000	0	0.
47	0.660000	0	0.
48	0.660000	0	0.
49	0.660000	0	0.
50	0.660000	0	0.
51	0.660000	0	0.
52	0.660000	0	0.
53	0.660000	0	0.
54	0.660000	0	0.
55	0.660000	0	0.
56	0.660000	0	0.
57	0.660000	0	0.
58	0.660000	0	0.
59	0.660000	0	0.
60	0.660000	0	0.
61	0.660000	0	0.
62	0.660000	0	0.
63	0.660000	0	0.
64	0.660000	0	0.
1	0.670000	16	0.250000
2	0.670000	0	0.
3	0.670000	0	0.
4	0.670000	0	0.
5	0.670000	0	0.
6	0.670000	0	0.
7	0.670000	0	0.
8	0.670000	0	0.
9	0.670000	0	0.
10	0.670000	0	0.
11	0.670000	0	0.
12	0.670000	0	0.
13	0.670000	0	0.
14	0.670000	0	0.
15	0.670000	0	0.
16	0.670000	0	0.
17	0.670000	0	0.
18	0.670000	0	0.
19	0.670000	0	0.
20	0.670000	0	0.
21	0.670000	0	0.
22	0.670000	0	0.
23	0.670000	0	0.
24	0.670000	0	0.
25	0.670000	0	0.
26	0.670000	0	0.
27	0.670000	0	0.
28	0.670000	0	0.
29	0.670000	0	0.
30	0.670000	0	0.
31	0.670000	0	0.
32	0.670000	0	0.
33	0.670000	0	0.
34	0.670000	0	0.
35	0.670000	0	0.
36	0.670000	0	0.
37	0.670000	0	0.
38	0.670000	0	0.
39	0.670000	0	0.
40	0.670000	0	0.
41	0.670000	0	0.
42	0.670000	0	0.
43	0.670000	0	0.
44	0.670000	0	0.
45	0.670000	0	0.
46	0.670000	0	0.
47	0.670000	0	0.
48	0.670000	0	0.
49	0.670000	0	0.
50	0.670000	0	0.
51	0.670000	0	0.
52	0.670000	0	0.
53	0.670000	0	0.
54	0.670000	0	0.
55	0.670000	0	0.
56	0.670000	0	0.
57	0.670000	0	0.
58	0.670000	0	0.
59	0.670000	0	0.
60	0.670000	0	0.
61	0.670000	0	0.
62	0.670000	0	0.
63	0.670000	0	0.
64	0.670000	0	0.
1	0.680000	14	0.218750
2	0.680000	0	0.
3	0.680000	0	0.
4	0.680000	0	0.
5	0.680000	0	0.
6	0.680000	0	0.
7	0.680000	0	0.
8	0.680000	0	0.
9	0.680000	0	0.
10	0.680000	0	0.
11	0.680000	0	0.
12	0.680000	0	0.
13	0.680000	0	0.
14	0.680000	0	0.
15	0.680000	0	0.
16	0.680000	0	0.
17	0.680000	0	0.
18	0.680000	0	0.
19	0.680000	0	0.
20	0.680000	0	0.
21	0.680000	0	0.
22	0.680000	0	0.
23	0.680000	0	0.
24	0.680000	0	0.
25	0.680000	0	0.
26	0.680000	0	0.
27	0.680000	0	0.
28	0.680000	0	0.
29	0.680000	0	0.
30	0.680000	0	0.
31	0.680000	0	0.
32	0.680000	0	0.
33	0.680000	0	0.
34	0.680000	0	0.
35	0.680000	0	0.
36	0.680000	0	0.
37	0.680000	0	0.
38	0.680000	0	0.
39	0.680000	0	0.
40	0.680000	0	0.
41	0.680000	0	0.
42	0.680000	0	0.
43	0.680000	0	0.
44	0.680000	0	0.
45	0.680000	0	0.
46	0.680000	0	0.
47	0.680000	0	0.
48	0.680000	0	0.
49	0.680000	0	0.
50	0.680000	0	0.
51	0.680000	0	0.
52	0.680000	0	0.
53	0.680000	0	0.
54	0.680000	0	0.
55	0.680000	0	0.
56	0.680000	0	0.
57	0.680000	0	0.
58	0.680000	0	0.
59	0.680000	0	0.
60	0.680000	0	0.
61	0.680000	0	0.
62	0.680000	0	0.
63	0.680000	0	0.
64	0.680000	0	0.
1	0.690000	12	0.187500
2	0.690000	0	0.
3	0.690000	0	0.
4	0.690000	0	0.
5	0.690000	0	0.
6	0.690000	0	0.
7	0.690000	0	0.
8	0.690000	0	0.
9	0.690000	0	0.
10	0.690000	0	0.
11	0.690000	0	0.
12	0.690000	0	0.
13	0.690000	0	0.
14	0.690000	0	0.
15	0.690000	0	0.
16	0.690000	0	0.
17	0.690000	0	0.
18	0.690000	0	0.
19	0.690000	0	0.
20	0.690000	0	0.
21	0.690000	0	0.
22	0.690000	0	0.
23	0.690000	0	0.
24	0.690000	0	0.
25	0.690000	0	0.
26	0.690000	0	0.
27	0.690000	0	0.
28	0.690000	0	0.
29	0.690000	0	0.
30	0.690000	0	0.
31	0.690000	0	0.
32	0.690000	0	0.
33	0.690000	0	0.
34	0.690000	0	0.
35	0.690000	0	0.
36	0.690000	0	0.
37	0.690000	0	0.
38	0.690000	0	0.
39	0.690000	0	0.
40	0.690000	0	0.
41	0.690000	0	0.
42	0.690000	0	0.
43	0.690000	0	0.
44	0.690000	0	0.
45	0.690000	0	0.
46	0.690000	0	0.
47	0.690000	0	0.
48	0.690000	0	0.
49	0.690000	0	0.
50	0.690000	0	0.
51	0.690000	0	0.
52	0.690000	0	0.
53	0.690000	0	0.
54	0.690000	0	0.
55	0.690000	0	0.
56	0.690000	0	0.
57	0.690000	0	0.
58	0.690000	0	0.
59	0.690000	0	0.
60	0.690000	0	0.
61	0.690000	0	0.
62	0.690000	0	0.
63	0.690000	0	0.
64	0.690000	0	0.
1	0.700000	4	0.062500
2	0.700000	0	0.
3	0.700000	0	0.
4	0.700000	0	0.
5	0.700000	0	0.
6	0.700000	0	0.
7	0.700000	0	0.
8	0.700000	0	0.
9	0.700000	0	0.
10	0.700000	0	0.
11	0.700000	0	0.
12	0.700000	0	0.
13	0.700000	0	0.
14	0.700000	0	0.
15	0.700000	0	0.
16	0.700000	0	0.
17	0.700000	0	0.
18	0.700000	0	0.
19	0.700000	0	0.
20	0.700000	0	0.
21	0.700000	0	0.
22	0.700000	0	0.
23	0.700000	0	0.
24	0.700000	0	0.
25	0.700000	0	0.
26	0.700000	0	0.
27	0.700000	0	0.
28	0.700000	0	0.
29	0.700000	0	0.
30	0.700000	0	0.
31	0.700000	0	0.
32	0.700000	0	0.
33	0.700000	0	0.
34	0.700000	0	0.
35	0.700000	0	0.
36	0.700000	0	0.
37	0.700000	0	0.
38	0.700000	0	0.
39	0.700000	0	0.
40	0.700000	0	0.
41	0.700000	0	0.
42	0.700000	0	0.
43	0.700000	0	0.
44	0.700000	0	0.
45	0.700000	0	0.
46	0.700000	0	0.
47	0.700000	0	0.
48	0.700000	0	0.
49	0.700000	0	0.
50	0.700000	0	0.
51	0.700000	0	0.
52	0.700000	0	0.
53	0.700000	0	0.
54	0.700000	0	0.
55	0.700000	0	0.
56	0.700000	0	0.
57	0.700000	0	0.
58	0.700000	0	0.
59	0.700000	0	0.
60	0.700000	0	0.
61	0.700000	0	0.
62	0.700000	0	0.
63	0.700000	0	0.
64	0.700000	0	0.
