1	0.200000	0.960511
2	0.200000	0.954704
3	0.200000	0.753394
4	0.200000	0.767816
5	0.200000	0.817126
6	0.200000	0.870968
7	0.200000	0.915780
8	0.200000	0.819706
9	0.200000	0.958128
10	0.200000	0.822502
11	0.200000	0.829463
12	0.200000	0.832579
13	0.200000	0.778986
14	0.200000	0.879252
15	0.200000	0.810374
16	0.200000	0.713379
17	0.200000	0.756867
18	0.200000	0.848289
19	0.200000	0.831020
20	0.200000	0.832148
21	0.200000	0.880816
22	0.200000	0.787205
23	0.200000	0.784461
24	0.200000	0.810628
25	0.200000	0.756115
26	0.200000	0.966667
27	0.200000	0.779365
28	0.200000	0.947561
29	0.200000	0.878049
30	0.200000	0.956811
31	0.200000	0.806667
32	0.200000	0.852941
33	0.200000	0.773279
34	0.200000	0.724484
35	0.200000	0.927273
36	0.200000	0.949260
37	0.200000	0.825297
38	0.200000	0.806154
39	0.200000	0.809524
40	0.200000	0.825306
41	0.200000	0.912121
42	0.200000	0.727322
43	0.200000	0.978355
44	0.200000	0.812020
45	0.200000	0.843137
46	0.200000	0.795960
47	0.200000	0.741379
48	0.200000	0.783766
49	0.200000	0.775689
50	0.200000	0.709677
51	0.200000	0.837104
52	0.200000	0.896632
53	0.200000	0.826087
54	0.200000	0.785985
55	0.200000	0.835994
56	0.200000	0.748685
57	0.200000	0.800649
58	0.200000	0.850498
59	0.200000	0.800000
60	0.200000	0.785065
61	0.200000	0.733871
62	0.200000	0.884366
63	0.200000	0.898718
64	0.200000	0.963016
1	0.210000	0.936121
2	0.210000	0.942683
3	0.210000	0.730196
4	0.210000	0.737931
5	0.210000	0.804676
6	0.210000	0.798942
7	0.210000	0.898242
8	0.210000	0.787561
9	0.210000	0.926407
10	0.210000	0.841569
11	0.210000	0.818824
12	0.210000	0.854610
13	0.210000	0.771429
14	0.210000	0.897980
15	0.210000	0.833887
16	0.210000	0.696045
17	0.210000	0.732002
18	0.210000	0.825253
19	0.210000	0.818262
20	0.210000	0.830660
21	0.210000	0.845714
22	0.210000	0.787373
23	0.210000	0.767532
24	0.210000	0.803030
25	0.210000	0.737143
26	0.210000	0.964912
27	0.210000	0.757576
28	0.210000	0.937922
29	0.210000	0.850202
30	0.210000	0.939744
31	0.210000	0.774704
32	0.210000	0.808824
33	0.210000	0.745098
34	0.210000	0.712994
35	0.210000	0.905920
36	0.210000	0.922833
37	0.210000	0.788959
38	0.210000	0.756667
39	0.210000	0.796791
40	0.210000	0.796235
41	0.210000	0.918605
42	0.210000	0.691257
43	0.210000	0.961538
44	0.210000	0.812217
45	0.210000	0.821176
46	0.210000	0.807692
47	0.210000	0.740000
48	0.210000	0.791373
49	0.210000	0.751922
50	0.210000	0.685352
51	0.210000	0.812217
52	0.210000	0.909582
53	0.210000	0.790698
54	0.210000	0.759140
55	0.210000	0.823529
56	0.210000	0.747030
57	0.210000	0.764286
58	0.210000	0.839721
59	0.210000	0.763333
60	0.210000	0.777778
61	0.210000	0.717241
62	0.210000	0.875362
63	0.210000	0.879487
64	0.210000	0.937815
1	0.220000	0.900116
2	0.220000	0.930769
3	0.220000	0.728030
4	0.220000	0.701058
5	0.220000	0.803191
6	0.220000	0.780627
7	0.220000	0.870490
8	0.220000	0.776488
9	0.220000	0.888889
10	0.220000	0.829388
11	0.220000	0.789020
12	0.220000	0.913621
13	0.220000	0.728571
14	0.220000	0.885936
15	0.220000	0.836237
16	0.220000	0.668030
17	0.220000	0.745455
18	0.220000	0.821862
19	0.220000	0.793237
20	0.220000	0.852874
21	0.220000	0.813061
22	0.220000	0.754717
23	0.220000	0.718831
24	0.220000	0.873077
25	0.220000	0.720773
26	0.220000	0.950213
27	0.220000	0.713710
28	0.220000	0.939940
29	0.220000	0.831309
30	0.220000	0.926031
31	0.220000	0.783626
32	0.220000	0.809524
33	0.220000	0.712121
34	0.220000	0.701754
35	0.220000	0.917073
36	0.220000	0.914053
37	0.220000	0.767054
38	0.220000	0.789474
39	0.220000	0.772043
40	0.220000	0.811538
41	0.220000	0.895470
42	0.220000	0.672881
43	0.220000	0.888889
44	0.220000	0.791837
45	0.220000	0.807823
46	0.220000	0.796863
47	0.220000	0.722944
48	0.220000	0.758367
49	0.220000	0.747451
50	0.220000	0.670901
51	0.220000	0.791373
52	0.220000	0.884780
53	0.220000	0.771951
54	0.220000	0.738916
55	0.220000	0.791101
56	0.220000	0.736471
57	0.220000	0.764500
58	0.220000	0.873077
59	0.220000	0.723320
60	0.220000	0.810374
61	0.220000	0.680000
62	0.220000	0.857576
63	0.220000	0.874603
64	0.220000	0.954839
1	0.230000	0.890825
2	0.230000	0.910256
3	0.230000	0.675758
4	0.230000	0.699275
5	0.230000	0.786869
6	0.230000	0.823810
7	0.230000	0.860606
8	0.230000	0.746667
9	0.230000	0.838095
10	0.230000	0.812925
11	0.230000	0.752941
12	0.230000	0.914980
13	0.230000	0.707602
14	0.230000	0.911538
15	0.230000	0.815115
16	0.230000	0.654762
17	0.230000	0.736575
18	0.230000	0.795796
19	0.230000	0.820513
20	0.230000	0.847826
21	0.230000	0.804422
22	0.230000	0.717707
23	0.230000	0.695455
24	0.230000	0.841270
25	0.230000	0.699187
26	0.230000	0.952941
27	0.230000	0.698851
28	0.230000	0.922689
29	0.230000	0.848739
30	0.230000	0.899004
31	0.230000	0.847619
32	0.230000	0.771429
33	0.230000	0.677249
34	0.230000	0.674812
35	0.230000	0.893902
36	0.230000	0.891986
37	0.230000	0.728592
38	0.230000	0.795322
39	0.230000	0.735484
40	0.230000	0.774629
41	0.230000	0.877193
42	0.230000	0.636723
43	0.230000	0.904762
44	0.230000	0.782801
45	0.230000	0.772109
46	0.230000	0.837374
47	0.230000	0.714286
48	0.230000	0.778744
49	0.230000	0.745748
50	0.230000	0.636419
51	0.230000	0.796485
52	0.230000	0.887701
53	0.230000	0.771429
54	0.230000	0.707692
55	0.230000	0.783163
56	0.230000	0.749150
57	0.230000	0.752941
58	0.230000	0.854354
59	0.230000	0.687747
60	0.230000	0.789007
61	0.230000	0.709524
62	0.230000	0.842495
63	0.230000	0.855615
64	0.230000	0.896552
1	0.240000	0.866397
2	0.240000	0.864103
3	0.240000	0.657317
4	0.240000	0.670996
5	0.240000	0.745243
6	0.240000	0.745098
7	0.240000	0.817276
8	0.240000	0.711735
9	0.240000	0.714286
10	0.240000	0.784459
11	0.240000	0.698980
12	0.240000	0.928699
13	0.240000	0.660819
14	0.240000	0.905882
15	0.240000	0.833333
16	0.240000	0.624738
17	0.240000	0.736327
18	0.240000	0.796825
19	0.240000	0.806723
20	0.240000	0.814286
21	0.240000	0.773936
22	0.240000	0.724638
23	0.240000	0.644444
24	0.240000	0.871264
25	0.240000	0.678679
26	0.240000	0.908832
27	0.240000	0.704615
28	0.240000	0.890152
29	0.240000	0.832258
30	0.240000	0.866310
31	0.240000	0.868132
32	0.240000	0.757576
33	0.240000	0.649231
34	0.240000	0.642907
35	0.240000	0.871429
36	0.240000	0.855128
37	0.240000	0.718431
38	0.240000	0.779412
39	0.240000	0.711640
40	0.240000	0.751894
41	0.240000	0.836508
42	0.240000	0.613409
43	0.240000	0.800000
44	0.240000	0.766184
45	0.240000	0.721088
46	0.240000	0.833914
47	0.240000	0.675325
48	0.240000	0.769657
49	0.240000	0.703382
50	0.240000	0.591479
51	0.240000	0.774747
52	0.240000	0.870968
53	0.240000	0.750000
54	0.240000	0.696970
55	0.240000	0.760407
56	0.240000	0.751938
57	0.240000	0.740248
58	0.240000	0.858871
59	0.240000	0.637427
60	0.240000	0.791755
61	0.240000	0.692810
62	0.240000	0.812821
63	0.240000	0.840860
64	0.240000	0.920228
1	0.250000	0.839339
2	0.250000	0.831309
3	0.250000	0.656156
4	0.250000	0.653680
5	0.250000	0.747436
6	0.250000	0.703297
7	0.250000	0.798009
8	0.250000	0.670068
9	0.250000	0.733333
10	0.250000	0.734505
11	0.250000	0.667517
12	0.250000	0.891266
13	0.250000	0.653595
14	0.250000	0.933333
15	0.250000	0.797701
16	0.250000	0.628401
17	0.250000	0.734505
18	0.250000	0.782197
19	0.250000	0.806452
20	0.250000	0.800000
21	0.250000	0.734505
22	0.250000	0.677590
23	0.250000	0.598653
24	0.250000	0.870769
25	0.250000	0.666667
26	0.250000	0.857708
27	0.250000	0.661538
28	0.250000	0.860399
29	0.250000	0.807882
30	0.250000	0.864516
31	0.250000	0.833333
32	0.250000	0.750000
33	0.250000	0.660079
34	0.250000	0.594689
35	0.250000	0.861742
36	0.250000	0.849850
37	0.250000	0.670588
38	0.250000	0.742647
39	0.250000	0.700000
40	0.250000	0.754023
41	0.250000	0.822581
42	0.250000	0.579221
43	0.250000	0.833333
44	0.250000	0.726216
45	0.250000	0.683932
46	0.250000	0.848348
47	0.250000	0.636364
48	0.250000	0.776276
49	0.250000	0.710963
50	0.250000	0.584906
51	0.250000	0.746806
52	0.250000	0.845977
53	0.250000	0.770115
54	0.250000	0.666667
55	0.250000	0.715079
56	0.250000	0.731444
57	0.250000	0.723671
58	0.250000	0.857143
59	0.250000	0.627451
60	0.250000	0.751938
61	0.250000	0.666667
62	0.250000	0.842017
63	0.250000	0.830688
64	0.250000	0.935385
1	0.260000	0.820168
2	0.260000	0.821321
3	0.260000	0.601681
4	0.260000	0.649123
5	0.260000	0.735736
6	0.260000	0.628205
7	0.260000	0.775249
8	0.260000	0.639184
9	0.260000	0.666667
10	0.260000	0.724242
11	0.260000	0.689218
12	0.260000	0.892473
13	0.260000	0.725275
14	0.260000	0.928571
15	0.260000	0.814815
16	0.260000	0.599034
17	0.260000	0.704903
18	0.260000	0.783251
19	0.260000	0.768473
20	0.260000	0.825000
21	0.260000	0.723232
22	0.260000	0.685560
23	0.260000	0.599419
24	0.260000	0.890000
25	0.260000	0.606667
26	0.260000	0.800000
27	0.260000	0.615942
28	0.260000	0.849231
29	0.260000	0.783069
30	0.260000	0.832258
31	0.260000	0.836364
32	0.260000	0.666667
33	0.260000	0.636842
34	0.260000	0.572245
35	0.260000	0.859770
36	0.260000	0.819048
37	0.260000	0.719807
38	0.260000	0.733333
39	0.260000	0.667984
40	0.260000	0.754986
41	0.260000	0.830108
42	0.260000	0.573026
43	0.260000	1.000000
44	0.260000	0.715393
45	0.260000	0.687179
46	0.260000	0.819820
47	0.260000	0.584211
48	0.260000	0.819964
49	0.260000	0.687573
50	0.260000	0.649399
51	0.260000	0.744939
52	0.260000	0.825123
53	0.260000	0.775132
54	0.260000	0.686275
55	0.260000	0.679926
56	0.260000	0.779832
57	0.260000	0.692754
58	0.260000	0.880000
59	0.260000	0.600000
60	0.260000	0.722416
61	0.260000	0.609524
62	0.260000	0.813445
63	0.260000	0.797721
64	0.260000	0.943333
1	0.270000	0.789916
2	0.270000	0.803922
3	0.270000	0.558712
4	0.270000	0.650000
5	0.270000	0.717803
6	0.270000	0.694444
7	0.270000	0.757143
8	0.270000	0.623188
9	0.270000	0.666667
10	0.270000	0.703212
11	0.270000	0.681765
12	0.270000	0.891534
13	0.270000	0.670330
14	0.270000	0.931624
15	0.270000	0.824615
16	0.270000	0.632927
17	0.270000	0.660870
18	0.270000	0.766667
19	0.270000	0.760000
20	0.270000	0.769231
21	0.270000	0.714286
22	0.270000	0.663664
23	0.270000	0.569382
24	0.270000	0.891775
25	0.270000	0.577075
26	0.270000	0.732026
27	0.270000	0.580882
28	0.270000	0.823333
29	0.270000	0.763077
30	0.270000	0.802299
31	0.270000	0.694444
32	0.270000	0.900000
33	0.270000	0.590643
34	0.270000	0.573737
35	0.270000	0.852217
36	0.270000	0.812834
37	0.270000	0.691919
38	0.270000	0.600000
39	0.270000	0.642857
40	0.270000	0.710526
41	0.270000	0.820690
42	0.270000	0.536688
43	0.270000	0.666667
44	0.270000	0.724040
45	0.270000	0.726050
46	0.270000	0.801587
47	0.270000	0.535948
48	0.270000	0.831439
49	0.270000	0.709815
50	0.270000	0.641414
51	0.270000	0.783193
52	0.270000	0.798942
53	0.270000	0.741538
54	0.270000	0.700000
55	0.270000	0.678647
56	0.270000	0.730838
57	0.270000	0.655072
58	0.270000	0.885714
59	0.270000	0.576923
60	0.270000	0.707692
61	0.270000	0.525641
62	0.270000	0.796371
63	0.270000	0.776667
64	0.270000	0.923913
1	0.280000	0.760081
2	0.280000	0.766129
3	0.280000	0.537634
4	0.280000	0.638095
5	0.280000	0.701058
6	0.280000	0.866667
7	0.280000	0.770161
8	0.280000	0.601480
9	0.280000	0.000000
10	0.280000	0.682051
11	0.280000	0.677463
12	0.280000	0.880342
13	0.280000	0.636364
14	0.280000	0.940000
15	0.280000	0.810277
16	0.280000	0.737968
17	0.280000	0.636364
18	0.280000	0.703557
19	0.280000	0.723333
20	0.280000	0.747253
21	0.280000	0.692308
22	0.280000	0.685606
23	0.280000	0.578168
24	0.280000	0.875000
25	0.280000	0.528571
26	0.280000	0.666667
27	0.280000	0.571429
28	0.280000	0.847619
29	0.280000	0.706522
30	0.280000	0.794872
31	0.280000	0.750000
32	0.280000	0.800000
33	0.280000	0.526316
34	0.280000	0.556330
35	0.280000	0.827692
36	0.280000	0.774621
37	0.280000	0.644820
38	0.280000	0.582418
39	0.280000	0.525000
40	0.280000	0.633333
41	0.280000	0.775862
42	0.280000	0.534902
43	0.280000	0.000000
44	0.280000	0.742857
45	0.280000	0.693182
46	0.280000	0.791667
47	0.280000	0.455882
48	0.280000	0.816092
49	0.280000	0.741533
50	0.280000	0.678812
51	0.280000	0.754011
52	0.280000	0.756667
53	0.280000	0.713768
54	0.280000	0.683333
55	0.280000	0.648948
56	0.280000	0.713978
57	0.280000	0.631078
58	0.280000	0.850000
59	0.280000	0.551282
60	0.280000	0.657692
61	0.280000	0.418182
62	0.280000	0.761290
63	0.280000	0.779221
64	0.280000	0.874459
1	0.290000	0.748387
2	0.290000	0.770936
3	0.290000	0.520000
4	0.290000	0.604396
5	0.290000	0.664615
6	0.290000	0.733333
7	0.290000	0.783908
8	0.290000	0.596341
9	0.290000	0.000000
10	0.290000	0.682788
11	0.290000	0.640114
12	0.290000	0.858462
13	0.290000	0.618182
14	0.290000	0.927536
15	0.290000	0.915789
16	0.290000	0.747984
17	0.290000	0.630662
18	0.290000	0.679654
19	0.290000	0.707510
20	0.290000	0.807692
21	0.290000	0.664103
22	0.290000	0.692473
23	0.290000	0.588040
24	0.290000	0.955556
25	0.290000	0.491228
26	0.290000	0.600000
27	0.290000	0.621212
28	0.290000	0.831579
29	0.290000	0.687747
30	0.290000	0.826667
31	0.290000	0.714286
32	0.290000	0.800000
33	0.290000	0.490196
34	0.290000	0.520732
35	0.290000	0.800000
36	0.290000	0.743952
37	0.290000	0.589852
38	0.290000	0.545455
39	0.290000	0.549451
40	0.290000	0.772727
41	0.290000	0.810000
42	0.290000	0.529255
43	0.290000	0.000000
44	0.290000	0.730838
45	0.290000	0.659274
46	0.290000	0.819355
47	0.290000	0.485714
48	0.290000	0.843305
49	0.290000	0.859788
50	0.290000	0.668254
51	0.290000	0.747984
52	0.290000	0.740260
53	0.290000	0.710526
54	0.290000	0.647619
55	0.290000	0.623693
56	0.290000	0.693122
57	0.290000	0.597252
58	0.290000	0.857143
59	0.290000	0.525641
60	0.290000	0.638691
61	0.290000	0.500000
62	0.290000	0.705376
63	0.290000	0.847368
64	0.290000	0.852814
1	0.300000	0.735450
2	0.300000	0.754986
3	0.300000	0.521739
4	0.300000	0.582418
5	0.300000	0.663043
6	0.300000	0.733333
7	0.300000	0.761084
8	0.300000	0.569501
9	0.300000	0.000000
10	0.300000	0.717803
11	0.300000	0.640152
12	0.300000	0.921053
13	0.300000	0.600000
14	0.300000	0.891775
15	0.300000	0.891667
16	0.300000	0.728736
17	0.300000	0.582927
18	0.300000	0.658009
19	0.300000	0.690476
20	0.300000	0.803030
21	0.300000	0.642959
22	0.300000	0.648276
23	0.300000	0.573077
24	0.300000	0.892857
25	0.300000	0.485714
26	0.300000	0.666667
27	0.300000	0.600000
28	0.300000	0.764706
29	0.300000	0.675325
30	0.300000	0.811594
31	0.300000	0.678571
32	0.300000	0.900000
33	0.300000	0.508333
34	0.300000	0.480769
35	0.300000	0.849802
36	0.300000	0.749425
37	0.300000	0.557082
38	0.300000	0.606061
39	0.300000	0.484848
40	0.300000	0.805556
41	0.300000	0.802372
42	0.300000	0.496762
43	0.300000	0.000000
44	0.300000	0.783476
45	0.300000	0.657635
46	0.300000	0.834758
47	0.300000	0.461538
48	0.300000	0.833333
49	0.300000	0.824615
50	0.300000	0.664884
51	0.300000	0.722581
52	0.300000	0.830409
53	0.300000	0.678363
54	0.300000	0.666667
55	0.300000	0.603659
56	0.300000	0.660000
57	0.300000	0.593590
58	0.300000	0.844444
59	0.300000	0.560606
60	0.300000	0.634921
61	0.300000	0.416667
62	0.300000	0.735043
63	0.300000	0.836842
64	0.300000	0.863158
1	0.310000	0.683077
2	0.310000	0.704615
3	0.310000	0.502924
4	0.310000	0.636364
5	0.310000	0.633333
6	0.310000	0.900000
7	0.310000	0.752137
8	0.310000	0.534413
9	0.310000	0.000000
10	0.310000	0.697581
11	0.310000	0.621505
12	0.310000	0.875000
13	0.310000	0.622222
14	0.310000	0.885714
15	0.310000	0.838095
16	0.310000	0.711823
17	0.310000	0.602102
18	0.310000	0.566667
19	0.310000	0.727941
20	0.310000	0.712121
21	0.310000	0.614114
22	0.310000	0.590805
23	0.310000	0.573574
24	0.310000	0.933333
25	0.310000	0.461538
26	0.310000	0.500000
27	0.310000	0.545455
28	0.310000	0.775000
29	0.310000	0.636842
30	0.310000	0.731225
31	0.310000	0.619048
32	0.310000	0.833333
33	0.310000	0.516484
34	0.310000	0.500000
35	0.310000	0.839827
36	0.310000	0.735385
37	0.310000	0.537179
38	0.310000	0.530303
39	0.310000	0.381818
40	0.310000	0.809524
41	0.310000	0.819048
42	0.310000	0.504878
43	0.310000	0.000000
44	0.310000	0.774704
45	0.310000	0.707692
46	0.310000	0.784615
47	0.310000	0.474359
48	0.310000	0.868421
49	0.310000	0.806667
50	0.310000	0.706897
51	0.310000	0.732308
52	0.310000	0.795322
53	0.310000	0.661765
54	0.310000	0.621212
55	0.310000	0.566145
56	0.310000	0.632035
57	0.310000	0.576248
58	0.310000	0.866667
59	0.310000	0.509091
60	0.310000	0.628788
61	0.310000	0.285714
62	0.310000	0.710769
63	0.310000	0.800000
64	0.310000	0.847953
1	0.320000	0.663333
2	0.320000	0.715415
3	0.320000	0.463235
4	0.320000	0.563636
5	0.320000	0.596491
6	0.320000	0.800000
7	0.320000	0.732308
8	0.320000	0.513258
9	0.320000	0.000000
10	0.320000	0.634483
11	0.320000	0.568966
12	0.320000	0.923077
13	0.320000	0.583333
14	0.320000	0.935897
15	0.320000	0.780220
16	0.320000	0.717391
17	0.320000	0.573109
18	0.320000	0.654971
19	0.320000	0.691176
20	0.320000	0.690909
21	0.320000	0.602273
22	0.320000	0.526667
23	0.320000	0.573864
24	0.320000	1.000000
25	0.320000	0.439394
26	0.320000	0.500000
27	0.320000	0.527273
28	0.320000	0.742857
29	0.320000	0.602339
30	0.320000	0.753247
31	0.320000	0.571429
32	0.320000	0.333333
33	0.320000	0.577778
34	0.320000	0.447059
35	0.320000	0.810526
36	0.320000	0.735931
37	0.320000	0.512012
38	0.320000	0.454545
39	0.320000	0.345455
40	0.320000	0.666667
41	0.320000	0.810526
42	0.320000	0.487909
43	0.320000	0.000000
44	0.320000	0.688312
45	0.320000	0.673846
46	0.320000	0.713333
47	0.320000	0.533333
48	0.320000	0.923077
49	0.320000	0.766234
50	0.320000	0.635468
51	0.320000	0.736842
52	0.320000	0.760234
53	0.320000	0.658333
54	0.320000	0.618182
55	0.320000	0.555556
56	0.320000	0.661765
57	0.320000	0.540541
58	0.320000	0.866667
59	0.320000	0.472727
60	0.320000	0.563441
61	0.320000	0.380952
62	0.320000	0.660079
63	0.320000	0.773684
64	0.320000	0.807018
1	0.330000	0.642857
2	0.330000	0.695238
3	0.330000	0.423077
4	0.330000	0.511111
5	0.330000	0.609524
6	0.330000	0.800000
7	0.330000	0.743083
8	0.330000	0.541872
9	0.330000	0.000000
10	0.330000	0.600000
11	0.330000	0.598291
12	0.330000	0.897436
13	0.330000	0.583333
14	0.330000	0.923077
15	0.330000	0.820513
16	0.330000	0.709957
17	0.330000	0.537815
18	0.330000	0.641667
19	0.330000	0.666667
20	0.330000	0.636364
21	0.330000	0.602151
22	0.330000	0.566667
23	0.330000	0.537879
24	0.330000	1.000000
25	0.330000	0.393939
26	0.330000	0.500000
27	0.330000	0.533333
28	0.330000	0.703297
29	0.330000	0.508772
30	0.330000	0.676190
31	0.330000	0.533333
32	0.330000	0.666667
33	0.330000	0.607143
34	0.330000	0.482955
35	0.330000	0.757895
36	0.330000	0.723810
37	0.330000	0.538324
38	0.330000	0.409091
39	0.330000	0.464286
40	0.330000	0.800000
41	0.330000	0.768421
42	0.330000	0.458037
43	0.330000	0.000000
44	0.330000	0.661905
45	0.330000	0.670000
46	0.330000	0.738095
47	0.330000	0.583333
48	0.330000	0.912088
49	0.330000	0.747619
50	0.330000	0.675214
51	0.330000	0.721053
52	0.330000	0.758170
53	0.330000	0.619048
54	0.330000	0.511111
55	0.330000	0.534759
56	0.330000	0.647059
57	0.330000	0.545455
58	0.330000	0.900000
59	0.330000	0.555556
60	0.330000	0.519704
61	0.330000	0.380952
62	0.330000	0.632411
63	0.330000	0.745098
64	0.330000	0.742690
1	0.340000	0.631579
2	0.340000	0.649123
3	0.340000	0.397436
4	0.340000	0.466667
5	0.340000	0.571429
6	0.340000	0.666667
7	0.340000	0.713450
8	0.340000	0.492611
9	0.340000	0.000000
10	0.340000	0.553846
11	0.340000	0.620000
12	0.340000	0.909091
13	0.340000	0.500000
14	0.340000	0.836364
15	0.340000	0.955556
16	0.340000	0.647368
17	0.340000	0.554187
18	0.340000	0.571429
19	0.340000	0.807692
20	0.340000	0.722222
21	0.340000	0.565517
22	0.340000	0.494737
23	0.340000	0.522581
24	0.340000	1.000000
25	0.340000	0.388889
26	0.340000	0.333333
27	0.340000	0.464286
28	0.340000	0.712121
29	0.340000	0.588235
30	0.340000	0.684211
31	0.340000	1.000000
32	0.340000	0.000000
33	0.340000	0.800000
34	0.340000	0.445161
35	0.340000	0.757353
36	0.340000	0.700000
37	0.340000	0.510345
38	0.340000	0.418182
39	0.340000	0.400000
40	0.340000	0.666667
41	0.340000	0.771930
42	0.340000	0.431373
43	0.340000	0.000000
44	0.340000	0.741667
45	0.340000	0.626812
46	0.340000	0.684211
47	0.340000	0.714286
48	0.340000	0.858974
49	0.340000	0.663158
50	0.340000	0.679654
51	0.340000	0.733333
52	0.340000	0.825000
53	0.340000	0.582418
54	0.340000	0.583333
55	0.340000	0.488414
56	0.340000	0.516484
57	0.340000	0.551724
58	0.340000	0.900000
59	0.340000	0.571429
60	0.340000	0.483333
61	0.340000	0.333333
62	0.340000	0.643275
63	0.340000	0.705882
64	0.340000	0.705882
1	0.350000	0.658333
2	0.350000	0.647059
3	0.350000	0.466667
4	0.350000	0.288889
5	0.350000	0.589744
6	0.350000	0.666667
7	0.350000	0.643275
8	0.350000	0.472934
9	0.350000	0.000000
10	0.350000	0.503333
11	0.350000	0.633333
12	0.350000	0.909091
13	0.350000	0.444444
14	0.350000	0.872727
15	0.350000	0.933333
16	0.350000	0.602941
17	0.350000	0.525692
18	0.350000	0.604396
19	0.350000	0.712121
20	0.350000	0.722222
21	0.350000	0.549858
22	0.350000	0.507353
23	0.350000	0.441379
24	0.350000	1.000000
25	0.350000	0.464286
26	0.350000	0.000000
27	0.350000	0.428571
28	0.350000	0.666667
29	0.350000	0.566667
30	0.350000	0.649123
31	0.350000	0.833333
32	0.350000	0.000000
33	0.350000	0.733333
34	0.350000	0.415344
35	0.350000	0.708333
36	0.350000	0.705882
37	0.350000	0.450739
38	0.350000	0.290909
39	0.350000	0.600000
40	0.350000	0.500000
41	0.350000	0.748538
42	0.350000	0.412903
43	0.350000	0.000000
44	0.350000	0.787879
45	0.350000	0.573684
46	0.350000	0.647059
47	0.350000	0.733333
48	0.350000	0.803030
49	0.350000	0.566667
50	0.350000	0.614719
51	0.350000	0.757576
52	0.350000	0.791667
53	0.350000	0.545455
54	0.350000	0.527778
55	0.350000	0.515670
56	0.350000	0.651515
57	0.350000	0.505291
58	0.350000	1.000000
59	0.350000	0.733333
60	0.350000	0.520468
61	0.350000	0.500000
62	0.350000	0.551282
63	0.350000	0.779412
64	0.350000	0.735294
1	0.360000	0.679487
2	0.360000	0.709091
3	0.360000	0.444444
4	0.360000	0.400000
5	0.360000	0.577778
6	0.360000	0.000000
7	0.360000	0.639706
8	0.360000	0.454545
9	0.360000	0.000000
10	0.360000	0.500000
11	0.360000	0.601307
12	0.360000	0.911111
13	0.360000	0.472222
14	0.360000	0.911111
15	0.360000	1.000000
16	0.360000	0.730769
17	0.360000	0.510526
18	0.360000	0.551282
19	0.360000	0.750000
20	0.360000	0.694444
21	0.360000	0.480000
22	0.360000	0.745455
23	0.360000	0.403077
24	0.360000	0.333333
25	0.360000	0.466667
26	0.360000	0.000000
27	0.360000	0.466667
28	0.360000	0.611111
29	0.360000	0.500000
30	0.360000	0.588235
31	0.360000	1.000000
32	0.360000	0.000000
33	0.360000	0.500000
34	0.360000	0.430000
35	0.360000	0.616667
36	0.360000	0.610294
37	0.360000	0.471861
38	0.360000	0.400000
39	0.360000	0.333333
40	0.360000	0.333333
41	0.360000	0.708333
42	0.360000	0.427350
43	0.360000	0.000000
44	0.360000	0.844444
45	0.360000	0.566176
46	0.360000	0.609524
47	0.360000	0.800000
48	0.360000	0.911111
49	0.360000	0.637363
50	0.360000	0.620915
51	0.360000	0.822222
52	0.360000	0.772727
53	0.360000	0.733333
54	0.360000	0.472222
55	0.360000	0.456667
56	0.360000	0.575758
57	0.360000	0.489130
58	0.360000	0.666667
59	0.360000	0.800000
60	0.360000	0.444444
61	0.360000	0.500000
62	0.360000	0.530303
63	0.360000	0.716667
64	0.360000	0.639706
1	0.370000	0.636364
2	0.370000	0.607143
3	0.370000	0.472222
4	0.370000	0.472222
5	0.370000	0.500000
6	0.370000	0.000000
7	0.370000	0.703297
8	0.370000	0.497076
9	0.370000	0.000000
10	0.370000	0.426901
11	0.370000	0.616667
12	0.370000	0.822222
13	0.370000	0.392857
14	0.370000	0.916667
15	0.370000	0.964286
16	0.370000	0.696970
17	0.370000	0.444444
18	0.370000	0.833333
19	0.370000	0.750000
20	0.370000	0.809524
21	0.370000	0.490476
22	0.370000	0.636364
23	0.370000	0.402597
24	0.370000	1.000000
25	0.370000	0.333333
26	0.370000	0.000000
27	0.370000	0.100000
28	0.370000	0.857143
29	0.370000	0.433333
30	0.370000	0.541667
31	0.370000	1.000000
32	0.370000	0.000000
33	0.370000	0.800000
34	0.370000	0.419913
35	0.370000	0.571429
36	0.370000	0.590476
37	0.370000	0.478947
38	0.370000	0.472222
39	0.370000	0.333333
40	0.370000	0.333333
41	0.370000	0.676190
42	0.370000	0.416667
43	0.370000	0.000000
44	0.370000	0.821429
45	0.370000	0.575000
46	0.370000	0.615385
47	0.370000	0.733333
48	0.370000	0.822222
49	0.370000	0.653846
50	0.370000	0.523810
51	0.370000	0.892857
52	0.370000	0.755556
53	0.370000	0.688889
54	0.370000	0.472222
55	0.370000	0.431159
56	0.370000	0.600000
57	0.370000	0.505263
58	0.370000	1.000000
59	0.370000	0.733333
60	0.370000	0.371795
61	0.370000	0.333333
62	0.370000	0.511111
63	0.370000	0.714286
64	0.370000	0.609524
1	0.380000	0.688889
2	0.380000	0.571429
3	0.380000	0.464286
4	0.380000	0.571429
5	0.380000	0.300000
6	0.380000	0.000000
7	0.380000	0.692308
8	0.380000	0.464052
9	0.380000	0.000000
10	0.380000	0.484848
11	0.380000	0.608333
12	0.380000	0.805556
13	0.380000	0.428571
14	0.380000	0.916667
15	0.380000	1.000000
16	0.380000	0.666667
17	0.380000	0.461538
18	0.380000	0.607143
19	0.380000	0.600000
20	0.380000	0.571429
21	0.380000	0.418301
22	0.380000	0.577778
23	0.380000	0.373684
24	0.380000	1.000000
25	0.380000	0.500000
26	0.380000	0.000000
27	0.380000	0.500000
28	0.380000	0.761905
29	0.380000	0.408333
30	0.380000	0.504762
31	0.380000	1.000000
32	0.380000	0.000000
33	0.380000	0.800000
34	0.380000	0.397661
35	0.380000	0.542857
36	0.380000	0.533333
37	0.380000	0.461988
38	0.380000	0.444444
39	0.380000	0.333333
40	0.380000	0.333333
41	0.380000	0.659341
42	0.380000	0.402597
43	0.380000	0.000000
44	0.380000	0.821429
45	0.380000	0.571429
46	0.380000	0.538462
47	0.380000	0.666667
48	0.380000	0.822222
49	0.380000	0.916667
50	0.380000	0.628205
51	0.380000	1.000000
52	0.380000	0.688889
53	0.380000	0.523810
54	0.380000	0.416667
55	0.380000	0.450216
56	0.380000	0.533333
57	0.380000	0.477941
58	0.380000	1.000000
59	0.380000	0.700000
60	0.380000	0.469697
61	0.380000	0.333333
62	0.380000	0.444444
63	0.380000	0.670330
64	0.380000	0.615385
1	0.390000	0.638889
2	0.390000	0.733333
3	0.390000	0.600000
4	0.390000	0.428571
5	0.390000	0.333333
6	0.390000	0.000000
7	0.390000	0.727273
8	0.390000	0.424837
9	0.390000	0.000000
10	0.390000	0.563636
11	0.390000	0.560440
12	0.390000	0.722222
13	0.390000	0.357143
14	0.390000	0.952381
15	0.390000	0.952381
16	0.390000	0.672727
17	0.390000	0.487179
18	0.390000	0.714286
19	0.390000	0.666667
20	0.390000	0.666667
21	0.390000	0.418301
22	0.390000	0.533333
23	0.390000	0.463235
24	0.390000	1.000000
25	0.390000	1.000000
26	0.390000	0.000000
27	0.390000	0.500000
28	0.390000	0.666667
29	0.390000	0.378788
30	0.390000	0.500000
31	0.390000	1.000000
32	0.390000	0.000000
33	0.390000	0.800000
34	0.390000	0.391667
35	0.390000	0.538462
36	0.390000	0.581818
37	0.390000	0.375000
38	0.390000	0.388889
39	0.390000	0.333333
40	0.390000	0.000000
41	0.390000	0.606061
42	0.390000	0.356725
43	0.390000	0.000000
44	0.390000	0.821429
45	0.390000	0.525641
46	0.390000	0.487179
47	0.390000	0.600000
48	0.390000	0.805556
49	0.390000	0.833333
50	0.390000	0.538462
51	0.390000	1.000000
52	0.390000	0.583333
53	0.390000	0.333333
54	0.390000	0.464286
55	0.390000	0.395238
56	0.390000	0.611111
57	0.390000	0.504762
58	0.390000	1.000000
59	0.390000	0.400000
60	0.390000	0.714286
61	0.390000	0.333333
62	0.390000	0.416667
63	0.390000	0.606061
64	0.390000	0.581818
1	0.400000	0.642857
2	0.400000	0.666667
3	0.400000	0.500000
4	0.400000	0.428571
5	0.400000	0.666667
6	0.400000	0.000000
7	0.400000	0.722222
8	0.400000	0.390476
9	0.400000	0.000000
10	0.400000	0.666667
11	0.400000	0.530303
12	0.400000	0.904762
13	0.400000	0.333333
14	0.400000	0.904762
15	0.400000	0.904762
16	0.400000	0.618182
17	0.400000	0.490909
18	0.400000	0.733333
19	0.400000	0.666667
20	0.400000	0.533333
21	0.400000	0.375000
22	0.400000	0.694444
23	0.400000	0.419048
24	0.400000	0.000000
25	0.400000	1.000000
26	0.400000	0.000000
27	0.400000	0.333333
28	0.400000	0.666667
29	0.400000	0.333333
30	0.400000	0.490909
31	0.400000	1.000000
32	0.400000	0.000000
33	0.400000	0.700000
34	0.400000	0.351648
35	0.400000	0.500000
36	0.400000	0.581818
37	0.400000	0.350000
38	0.400000	0.333333
39	0.400000	0.333333
40	0.400000	0.000000
41	0.400000	0.688889
42	0.400000	0.318681
43	0.400000	0.000000
44	0.400000	1.000000
45	0.400000	0.500000
46	0.400000	0.545455
47	0.400000	0.500000
48	0.400000	0.785714
49	0.400000	0.805556
50	0.400000	0.545455
51	0.400000	1.000000
52	0.400000	0.619048
53	0.400000	0.333333
54	0.400000	0.476190
55	0.400000	0.315789
56	0.400000	0.638889
57	0.400000	0.450549
58	0.400000	0.000000
59	0.400000	0.333333
60	0.400000	0.714286
61	0.400000	0.333333
62	0.400000	0.476190
63	0.400000	0.545455
64	0.400000	0.563636
1	0.410000	0.607143
2	0.410000	1.000000
3	0.410000	0.833333
4	0.410000	0.392857
5	0.410000	0.666667
6	0.410000	0.000000
7	0.410000	0.642857
8	0.410000	0.378788
9	0.410000	0.000000
10	0.410000	0.583333
11	0.410000	0.555556
12	0.410000	0.933333
13	0.410000	0.333333
14	0.410000	0.857143
15	0.410000	0.933333
16	0.410000	0.666667
17	0.410000	0.714286
18	0.410000	0.733333
19	0.410000	0.666667
20	0.410000	0.600000
21	0.410000	0.362637
22	0.410000	0.761905
23	0.410000	0.406593
24	0.410000	0.000000
25	0.410000	1.000000
26	0.410000	0.000000
27	0.410000	0.333333
28	0.410000	0.700000
29	0.410000	0.305556
30	0.410000	0.444444
31	0.410000	1.000000
32	0.410000	0.000000
33	0.410000	0.600000
34	0.410000	0.488889
35	0.410000	0.454545
36	0.410000	0.500000
37	0.410000	0.323810
38	0.410000	0.333333
39	0.410000	0.333333
40	0.410000	0.000000
41	0.410000	0.750000
42	0.410000	0.472727
43	0.410000	0.000000
44	0.410000	0.904762
45	0.410000	0.857143
46	0.410000	0.600000
47	0.410000	0.600000
48	0.410000	0.750000
49	0.410000	0.821429
50	0.410000	0.581818
51	0.410000	0.904762
52	0.410000	0.600000
53	0.410000	0.333333
54	0.410000	0.333333
55	0.410000	0.298246
56	0.410000	0.607143
57	0.410000	0.436364
58	0.410000	0.000000
59	0.410000	0.666667
60	0.410000	0.666667
61	0.410000	0.333333
62	0.410000	0.466667
63	0.410000	0.515152
64	0.410000	0.571429
1	0.420000	0.607143
2	0.420000	1.000000
3	0.420000	1.000000
4	0.420000	0.380952
5	0.420000	0.333333
6	0.420000	0.000000
7	0.420000	0.714286
8	0.420000	0.311111
9	0.420000	0.000000
10	0.420000	0.607143
11	0.420000	0.533333
12	0.420000	0.933333
13	0.420000	0.300000
14	0.420000	0.809524
15	0.420000	1.000000
16	0.420000	0.694444
17	0.420000	0.809524
18	0.420000	0.733333
19	0.420000	0.666667
20	0.420000	0.666667
21	0.420000	0.345455
22	0.420000	0.714286
23	0.420000	0.378788
24	0.420000	0.000000
25	0.420000	0.000000
26	0.420000	0.000000
27	0.420000	0.000000
28	0.420000	0.666667
29	0.420000	0.357143
30	0.420000	0.444444
31	0.420000	1.000000
32	0.420000	0.000000
33	0.420000	0.500000
34	0.420000	0.305556
35	0.420000	0.454545
36	0.420000	0.607143
37	0.420000	0.276190
38	0.420000	0.380952
39	0.420000	0.000000
40	0.420000	0.000000
41	0.420000	0.714286
42	0.420000	0.444444
43	0.420000	0.000000
44	0.420000	0.809524
45	0.420000	0.809524
46	0.420000	0.611111
47	0.420000	0.600000
48	0.420000	0.866667
49	0.420000	0.785714
50	0.420000	0.509091
51	0.420000	0.933333
52	0.420000	0.533333
53	0.420000	1.000000
54	0.420000	0.400000
55	0.420000	0.314286
56	0.420000	0.733333
57	0.420000	0.500000
58	0.420000	0.000000
59	0.420000	0.666667
60	0.420000	0.666667
61	0.420000	0.333333
62	0.420000	0.333333
63	0.420000	0.509091
64	0.420000	0.535714
1	0.430000	0.600000
2	0.430000	1.000000
3	0.430000	1.000000
4	0.430000	0.400000
5	0.430000	0.000000
6	0.430000	0.000000
7	0.430000	0.700000
8	0.430000	0.392857
9	0.430000	0.000000
10	0.430000	0.535714
11	0.430000	0.472222
12	0.430000	0.600000
13	0.430000	0.300000
14	0.430000	0.866667
15	0.430000	1.000000
16	0.430000	0.527778
17	0.430000	0.866667
18	0.430000	0.533333
19	0.430000	1.000000
20	0.430000	0.666667
21	0.430000	0.305556
22	0.430000	0.619048
23	0.430000	0.381818
24	0.430000	0.000000
25	0.430000	0.000000
26	0.430000	0.000000
27	0.430000	0.000000
28	0.430000	0.666667
29	0.430000	0.285714
30	0.430000	0.357143
31	0.430000	1.000000
32	0.430000	0.000000
33	0.430000	0.500000
34	0.430000	0.428571
35	0.430000	0.345455
36	0.430000	0.535714
37	0.430000	0.241758
38	0.430000	0.333333
39	0.430000	0.000000
40	0.430000	0.000000
41	0.430000	0.642857
42	0.430000	0.444444
43	0.430000	0.000000
44	0.430000	0.714286
45	0.430000	0.714286
46	0.430000	0.535714
47	0.430000	0.500000
48	0.430000	0.800000
49	0.430000	0.500000
50	0.430000	0.444444
51	0.430000	1.000000
52	0.430000	0.466667
53	0.430000	1.000000
54	0.430000	0.300000
55	0.430000	0.285714
56	0.430000	1.000000
57	0.430000	0.523810
58	0.430000	0.000000
59	0.430000	0.666667
60	0.430000	0.500000
61	0.430000	0.333333
62	0.430000	0.400000
63	0.430000	0.466667
64	0.430000	0.333333
1	0.440000	0.533333
2	0.440000	1.000000
3	0.440000	1.000000
4	0.440000	0.400000
5	0.440000	0.000000
6	0.440000	0.000000
7	0.440000	0.600000
8	0.440000	0.600000
9	0.440000	0.000000
10	0.440000	0.500000
11	0.440000	0.500000
12	0.440000	1.000000
13	0.440000	0.300000
14	0.440000	0.900000
15	0.440000	0.333333
16	0.440000	0.535714
17	0.440000	0.400000
18	0.440000	0.500000
19	0.440000	1.000000
20	0.440000	0.333333
21	0.440000	0.277778
22	0.440000	0.380952
23	0.440000	0.333333
24	0.440000	0.000000
25	0.440000	0.000000
26	0.440000	0.000000
27	0.440000	0.000000
28	0.440000	0.666667
29	0.440000	0.500000
30	0.440000	0.476190
31	0.440000	1.000000
32	0.440000	0.000000
33	0.440000	0.500000
34	0.440000	0.400000
35	0.440000	0.500000
36	0.440000	0.535714
37	0.440000	0.230769
38	0.440000	0.333333
39	0.440000	0.000000
40	0.440000	0.000000
41	0.440000	0.607143
42	0.440000	0.466667
43	0.440000	0.000000
44	0.440000	0.500000
45	0.440000	0.733333
46	0.440000	0.666667
47	0.440000	0.500000
48	0.440000	0.800000
49	0.440000	0.464286
50	0.440000	0.444444
51	0.440000	0.700000
52	0.440000	0.466667
53	0.440000	1.000000
54	0.440000	0.333333
55	0.440000	0.230769
56	0.440000	1.000000
57	0.440000	0.400000
58	0.440000	0.000000
59	0.440000	0.666667
60	0.440000	0.333333
61	0.440000	0.333333
62	0.440000	0.400000
63	0.440000	0.466667
64	0.440000	0.571429
1	0.450000	0.800000
2	0.450000	1.000000
3	0.450000	1.000000
4	0.450000	0.400000
5	0.450000	0.000000
6	0.450000	0.000000
7	0.450000	1.000000
8	0.450000	0.600000
9	0.450000	0.000000
10	0.450000	0.500000
11	0.450000	0.476190
12	0.450000	0.833333
13	0.450000	0.500000
14	0.450000	1.000000
15	0.450000	1.000000
16	0.450000	0.500000
17	0.450000	0.500000
18	0.450000	0.833333
19	0.450000	0.000000
20	0.450000	0.333333
21	0.450000	0.321429
22	0.450000	0.600000
23	0.450000	0.300000
24	0.450000	0.000000
25	0.450000	0.000000
26	0.450000	0.000000
27	0.450000	0.000000
28	0.450000	1.000000
29	0.450000	0.833333
30	0.450000	0.476190
31	0.450000	0.000000
32	0.450000	0.000000
33	0.450000	0.333333
34	0.450000	0.333333
35	0.450000	0.472222
36	0.450000	0.500000
37	0.450000	0.218182
38	0.450000	0.400000
39	0.450000	0.000000
40	0.450000	0.000000
41	0.450000	0.500000
42	0.450000	0.600000
43	0.450000	0.000000
44	0.450000	0.833333
45	0.450000	0.666667
46	0.450000	0.400000
47	0.450000	0.500000
48	0.450000	0.800000
49	0.450000	0.464286
50	0.450000	0.361111
51	0.450000	0.400000
52	0.450000	0.466667
53	0.450000	0.000000
54	0.450000	0.333333
55	0.450000	0.218182
56	0.450000	1.000000
57	0.450000	0.666667
58	0.450000	0.000000
59	0.450000	0.666667
60	0.450000	0.333333
61	0.450000	0.333333
62	0.450000	0.300000
63	0.450000	0.444444
64	0.450000	0.571429
1	0.460000	0.666667
2	0.460000	1.000000
3	0.460000	1.000000
4	0.460000	0.400000
5	0.460000	0.000000
6	0.460000	0.000000
7	0.460000	1.000000
8	0.460000	0.600000
9	0.460000	0.000000
10	0.460000	1.000000
11	0.460000	0.380952
12	0.460000	1.000000
13	0.460000	0.500000
14	0.460000	1.000000
15	0.460000	1.000000
16	0.460000	0.464286
17	0.460000	1.000000
18	0.460000	0.833333
19	0.460000	0.000000
20	0.460000	0.333333
21	0.460000	0.380952
22	0.460000	0.700000
23	0.460000	0.333333
24	0.460000	0.000000
25	0.460000	0.000000
26	0.460000	0.000000
27	0.460000	0.000000
28	0.460000	1.000000
29	0.460000	0.833333
30	0.460000	0.266667
31	0.460000	0.000000
32	0.460000	0.000000
33	0.460000	0.333333
34	0.460000	0.333333
35	0.460000	0.466667
36	0.460000	0.428571
37	0.460000	0.200000
38	0.460000	0.400000
39	0.460000	0.000000
40	0.460000	0.000000
41	0.460000	0.380952
42	0.460000	0.600000
43	0.460000	0.000000
44	0.460000	1.000000
45	0.460000	0.500000
46	0.460000	0.833333
47	0.460000	0.500000
48	0.460000	0.700000
49	0.460000	0.466667
50	0.460000	0.388889
51	0.460000	0.700000
52	0.460000	0.666667
53	0.460000	0.000000
54	0.460000	0.333333
55	0.460000	0.200000
56	0.460000	1.000000
57	0.460000	0.333333
58	0.460000	0.000000
59	0.460000	0.666667
60	0.460000	0.000000
61	0.460000	0.333333
62	0.460000	0.200000
63	0.460000	0.388889
64	0.460000	0.400000
1	0.470000	0.666667
2	0.470000	1.000000
3	0.470000	1.000000
4	0.470000	0.300000
5	0.470000	0.000000
6	0.470000	0.000000
7	0.470000	1.000000
8	0.470000	0.400000
9	0.470000	0.000000
10	0.470000	1.000000
11	0.470000	0.428571
12	0.470000	1.000000
13	0.470000	0.000000
14	0.470000	1.000000
15	0.470000	1.000000
16	0.470000	0.428571
17	0.470000	0.833333
18	0.470000	0.666667
19	0.470000	0.000000
20	0.470000	0.000000
21	0.470000	0.400000
22	0.470000	0.666667
23	0.470000	0.000000
24	0.470000	0.000000
25	0.470000	0.000000
26	0.470000	0.000000
27	0.470000	0.000000
28	0.470000	0.000000
29	0.470000	1.000000
30	0.470000	0.400000
31	0.470000	0.000000
32	0.470000	0.000000
33	0.470000	0.333333
34	0.470000	0.333333
35	0.470000	0.600000
36	0.470000	0.476190
37	0.470000	0.166667
38	0.470000	0.200000
39	0.470000	0.000000
40	0.470000	0.000000
41	0.470000	0.533333
42	0.470000	0.666667
43	0.470000	0.000000
44	0.470000	0.833333
45	0.470000	0.600000
46	0.470000	0.833333
47	0.470000	0.333333
48	0.470000	0.833333
49	0.470000	0.700000
50	0.470000	0.361111
51	0.470000	0.600000
52	0.470000	0.666667
53	0.470000	0.000000
54	0.470000	0.333333
55	0.470000	0.214286
56	0.470000	1.000000
57	0.470000	0.000000
58	0.470000	0.000000
59	0.470000	0.333333
60	0.470000	0.000000
61	0.470000	0.000000
62	0.470000	0.000000
63	0.470000	0.361111
64	0.470000	0.400000
1	0.480000	0.666667
2	0.480000	1.000000
3	0.480000	1.000000
4	0.480000	0.500000
5	0.480000	0.000000
6	0.480000	0.000000
7	0.480000	1.000000
8	0.480000	0.300000
9	0.480000	0.000000
10	0.480000	1.000000
11	0.480000	0.428571
12	0.480000	1.000000
13	0.480000	0.666667
14	0.480000	1.000000
15	0.480000	1.000000
16	0.480000	0.476190
17	0.480000	0.666667
18	0.480000	0.666667
19	0.480000	0.000000
20	0.480000	0.000000
21	0.480000	0.666667
22	0.480000	0.666667
23	0.480000	0.000000
24	0.480000	0.000000
25	0.480000	0.000000
26	0.480000	0.000000
27	0.480000	0.000000
28	0.480000	0.000000
29	0.480000	1.000000
30	0.480000	0.666667
31	0.480000	0.000000
32	0.480000	0.000000
33	0.480000	0.166667
34	0.480000	0.333333
35	0.480000	0.333333
36	0.480000	0.600000
37	0.480000	0.166667
38	0.480000	0.333333
39	0.480000	0.000000
40	0.480000	0.000000
41	0.480000	0.833333
42	0.480000	0.666667
43	0.480000	0.000000
44	0.480000	1.000000
45	0.480000	0.600000
46	0.480000	0.833333
47	0.480000	0.666667
48	0.480000	0.833333
49	0.480000	0.600000
50	0.480000	0.357143
51	0.480000	0.500000
52	0.480000	0.333333
53	0.480000	0.000000
54	0.480000	0.000000
55	0.480000	0.142857
56	0.480000	1.000000
57	0.480000	0.000000
58	0.480000	0.000000
59	0.480000	0.333333
60	0.480000	0.000000
61	0.480000	0.000000
62	0.480000	0.000000
63	0.480000	0.333333
64	0.480000	0.200000
1	0.490000	0.666667
2	0.490000	1.000000
3	0.490000	0.000000
4	0.490000	0.166667
5	0.490000	0.000000
6	0.490000	0.000000
7	0.490000	1.000000
8	0.490000	0.166667
9	0.490000	0.000000
10	0.490000	1.000000
11	0.490000	0.380952
12	0.490000	1.000000
13	0.490000	0.666667
14	0.490000	1.000000
15	0.490000	1.000000
16	0.490000	0.428571
17	0.490000	0.666667
18	0.490000	1.000000
19	0.490000	0.000000
20	0.490000	0.000000
21	0.490000	1.000000
22	0.490000	0.666667
23	0.490000	0.000000
24	0.490000	0.000000
25	0.490000	0.000000
26	0.490000	0.000000
27	0.490000	0.000000
28	0.490000	0.000000
29	0.490000	1.000000
30	0.490000	0.666667
31	0.490000	0.000000
32	0.490000	0.000000
33	0.490000	0.000000
34	0.490000	0.333333
35	0.490000	0.333333
36	0.490000	0.600000
37	0.490000	0.333333
38	0.490000	0.500000
39	0.490000	0.000000
40	0.490000	0.000000
41	0.490000	1.000000
42	0.490000	0.333333
43	0.490000	0.000000
44	0.490000	1.000000
45	0.490000	0.500000
46	0.490000	0.666667
47	0.490000	0.666667
48	0.490000	0.833333
49	0.490000	0.600000
50	0.490000	0.380952
51	0.490000	0.500000
52	0.490000	0.000000
53	0.490000	0.000000
54	0.490000	0.000000
55	0.490000	0.166667
56	0.490000	1.000000
57	0.490000	0.000000
58	0.490000	0.000000
59	0.490000	0.333333
60	0.490000	0.000000
61	0.490000	0.000000
62	0.490000	0.000000
63	0.490000	0.285714
64	0.490000	0.333333
1	0.500000	0.666667
2	0.500000	1.000000
3	0.500000	0.000000
4	0.500000	0.166667
5	0.500000	0.000000
6	0.500000	0.000000
7	0.500000	1.000000
8	0.500000	0.166667
9	0.500000	0.000000
10	0.500000	1.000000
11	0.500000	0.380952
12	0.500000	0.000000
13	0.500000	0.666667
14	0.500000	1.000000
15	0.500000	0.000000
16	0.500000	0.400000
17	0.500000	0.666667
18	0.500000	1.000000
19	0.500000	0.000000
20	0.500000	0.000000
21	0.500000	1.000000
22	0.500000	0.666667
23	0.500000	0.000000
24	0.500000	0.000000
25	0.500000	0.000000
26	0.500000	0.000000
27	0.500000	0.000000
28	0.500000	0.000000
29	0.500000	1.000000
30	0.500000	0.666667
31	0.500000	0.000000
32	0.500000	0.000000
33	0.500000	0.000000
34	0.500000	0.000000
35	0.500000	0.333333
36	0.500000	0.600000
37	0.500000	0.333333
38	0.500000	0.333333
39	0.500000	0.000000
40	0.500000	0.000000
41	0.500000	1.000000
42	0.500000	1.000000
43	0.500000	0.000000
44	0.500000	1.000000
45	0.500000	0.500000
46	0.500000	0.500000
47	0.500000	0.333333
48	0.500000	1.000000
49	0.500000	0.500000
50	0.500000	0.333333
51	0.500000	0.500000
52	0.500000	0.000000
53	0.500000	0.000000
54	0.500000	0.000000
55	0.500000	0.333333
56	0.500000	1.000000
57	0.500000	0.000000
58	0.500000	0.000000
59	0.500000	0.000000
60	0.500000	0.000000
61	0.500000	0.000000
62	0.500000	0.000000
63	0.500000	0.285714
64	0.500000	0.333333
1	0.510000	0.500000
2	0.510000	1.000000
3	0.510000	0.000000
4	0.510000	0.000000
5	0.510000	0.000000
6	0.510000	0.000000
7	0.510000	0.000000
8	0.510000	1.000000
9	0.510000	0.000000
10	0.510000	0.333333
11	0.510000	0.500000
12	0.510000	0.000000
13	0.510000	0.000000
14	0.510000	0.666667
15	0.510000	0.000000
16	0.510000	0.666667
17	0.510000	0.666667
18	0.510000	1.000000
19	0.510000	0.000000
20	0.510000	0.000000
21	0.510000	1.000000
22	0.510000	0.000000
23	0.510000	0.000000
24	0.510000	0.000000
25	0.510000	0.000000
26	0.510000	0.000000
27	0.510000	0.000000
28	0.510000	0.000000
29	0.510000	1.000000
30	0.510000	0.666667
31	0.510000	0.000000
32	0.510000	0.000000
33	0.510000	0.000000
34	0.510000	0.000000
35	0.510000	0.333333
36	0.510000	0.500000
37	0.510000	1.000000
38	0.510000	0.000000
39	0.510000	0.000000
40	0.510000	0.000000
41	0.510000	1.000000
42	0.510000	1.000000
43	0.510000	0.000000
44	0.510000	0.666667
45	0.510000	0.500000
46	0.510000	0.500000
47	0.510000	0.000000
48	0.510000	1.000000
49	0.510000	0.500000
50	0.510000	0.285714
51	0.510000	0.166667
52	0.510000	0.000000
53	0.510000	0.000000
54	0.510000	0.000000
55	0.510000	0.333333
56	0.510000	0.000000
57	0.510000	0.000000
58	0.510000	0.000000
59	0.510000	0.000000
60	0.510000	0.000000
61	0.510000	0.000000
62	0.510000	0.000000
63	0.510000	0.238095
64	0.510000	0.666667
1	0.520000	0.666667
2	0.520000	1.000000
3	0.520000	0.000000
4	0.520000	0.000000
5	0.520000	0.000000
6	0.520000	0.000000
7	0.520000	0.000000
8	0.520000	1.000000
9	0.520000	0.000000
10	0.520000	0.666667
11	0.520000	0.500000
12	0.520000	0.000000
13	0.520000	0.000000
14	0.520000	0.333333
15	0.520000	0.000000
16	0.520000	0.666667
17	0.520000	0.666667
18	0.520000	0.000000
19	0.520000	0.000000
20	0.520000	0.000000
21	0.520000	1.000000
22	0.520000	0.000000
23	0.520000	0.000000
24	0.520000	0.000000
25	0.520000	0.000000
26	0.520000	0.000000
27	0.520000	0.000000
28	0.520000	0.000000
29	0.520000	0.333333
30	0.520000	1.000000
31	0.520000	0.000000
32	0.520000	0.000000
33	0.520000	0.000000
34	0.520000	0.000000
35	0.520000	0.333333
36	0.520000	0.400000
37	0.520000	1.000000
38	0.520000	0.333333
39	0.520000	0.000000
40	0.520000	0.000000
41	0.520000	1.000000
42	0.520000	1.000000
43	0.520000	0.000000
44	0.520000	0.333333
45	0.520000	0.500000
46	0.520000	0.500000
47	0.520000	0.333333
48	0.520000	0.000000
49	0.520000	0.500000
50	0.520000	0.238095
51	0.520000	0.333333
52	0.520000	0.000000
53	0.520000	0.000000
54	0.520000	0.000000
55	0.520000	0.333333
56	0.520000	0.000000
57	0.520000	0.000000
58	0.520000	0.000000
59	0.520000	0.333333
60	0.520000	0.000000
61	0.520000	0.000000
62	0.520000	0.000000
63	0.520000	0.200000
64	0.520000	0.666667
1	0.530000	0.666667
2	0.530000	1.000000
3	0.530000	0.000000
4	0.530000	0.000000
5	0.530000	0.000000
6	0.530000	0.000000
7	0.530000	0.000000
8	0.530000	1.000000
9	0.530000	0.000000
10	0.530000	1.000000
11	0.530000	0.333333
12	0.530000	0.000000
13	0.530000	0.000000
14	0.530000	1.000000
15	0.530000	0.000000
16	0.530000	1.000000
17	0.530000	1.000000
18	0.530000	0.000000
19	0.530000	0.000000
20	0.530000	0.000000
21	0.530000	0.000000
22	0.530000	0.000000
23	0.530000	0.000000
24	0.530000	0.000000
25	0.530000	0.000000
26	0.530000	0.000000
27	0.530000	0.000000
28	0.530000	0.000000
29	0.530000	0.333333
30	0.530000	0.000000
31	0.530000	0.000000
32	0.530000	0.000000
33	0.530000	0.000000
34	0.530000	0.000000
35	0.530000	0.333333
36	0.530000	0.500000
37	0.530000	0.000000
38	0.530000	0.333333
39	0.530000	0.000000
40	0.530000	0.000000
41	0.530000	0.000000
42	0.530000	1.000000
43	0.530000	0.000000
44	0.530000	1.000000
45	0.530000	0.000000
46	0.530000	0.500000
47	0.530000	0.333333
48	0.530000	1.000000
49	0.530000	0.500000
50	0.530000	0.266667
51	0.530000	1.000000
52	0.530000	0.000000
53	0.530000	0.000000
54	0.530000	0.000000
55	0.530000	0.333333
56	0.530000	0.000000
57	0.530000	0.000000
58	0.530000	0.000000
59	0.530000	0.333333
60	0.530000	0.000000
61	0.530000	0.000000
62	0.530000	0.000000
63	0.530000	0.066667
64	0.530000	0.333333
1	0.540000	0.000000
2	0.540000	0.000000
3	0.540000	0.000000
4	0.540000	0.000000
5	0.540000	0.000000
6	0.540000	0.000000
7	0.540000	0.000000
8	0.540000	1.000000
9	0.540000	0.000000
10	0.540000	1.000000
11	0.540000	0.000000
12	0.540000	0.000000
13	0.540000	0.000000
14	0.540000	0.000000
15	0.540000	0.000000
16	0.540000	1.000000
17	0.540000	1.000000
18	0.540000	0.000000
19	0.540000	0.000000
20	0.540000	0.000000
21	0.540000	0.000000
22	0.540000	0.000000
23	0.540000	0.000000
24	0.540000	0.000000
25	0.540000	0.000000
26	0.540000	0.000000
27	0.540000	0.000000
28	0.540000	0.000000
29	0.540000	0.000000
30	0.540000	0.000000
31	0.540000	0.000000
32	0.540000	0.000000
33	0.540000	0.000000
34	0.540000	0.000000
35	0.540000	0.000000
36	0.540000	0.000000
37	0.540000	0.000000
38	0.540000	0.333333
39	0.540000	0.000000
40	0.540000	0.000000
41	0.540000	0.000000
42	0.540000	1.000000
43	0.540000	0.000000
44	0.540000	1.000000
45	0.540000	0.000000
46	0.540000	0.000000
47	0.540000	0.333333
48	0.540000	0.000000
49	0.540000	0.333333
50	0.540000	0.333333
51	0.540000	1.000000
52	0.540000	0.000000
53	0.540000	0.000000
54	0.540000	0.000000
55	0.540000	0.333333
56	0.540000	0.000000
57	0.540000	0.000000
58	0.540000	0.000000
59	0.540000	0.333333
60	0.540000	0.000000
61	0.540000	0.000000
62	0.540000	0.000000
63	0.540000	0.000000
64	0.540000	0.000000
1	0.550000	0.000000
2	0.550000	0.000000
3	0.550000	0.000000
4	0.550000	0.000000
5	0.550000	0.000000
6	0.550000	0.000000
7	0.550000	0.000000
8	0.550000	1.000000
9	0.550000	0.000000
10	0.550000	1.000000
11	0.550000	0.000000
12	0.550000	0.000000
13	0.550000	0.000000
14	0.550000	0.000000
15	0.550000	0.000000
16	0.550000	0.000000
17	0.550000	1.000000
18	0.550000	0.000000
19	0.550000	0.000000
20	0.550000	0.000000
21	0.550000	0.000000
22	0.550000	0.000000
23	0.550000	0.000000
24	0.550000	0.000000
25	0.550000	0.000000
26	0.550000	0.000000
27	0.550000	0.000000
28	0.550000	0.000000
29	0.550000	0.000000
30	0.550000	0.000000
31	0.550000	0.000000
32	0.550000	0.000000
33	0.550000	0.000000
34	0.550000	0.000000
35	0.550000	0.000000
36	0.550000	0.000000
37	0.550000	0.000000
38	0.550000	0.000000
39	0.550000	0.000000
40	0.550000	0.000000
41	0.550000	0.000000
42	0.550000	1.000000
43	0.550000	0.000000
44	0.550000	1.000000
45	0.550000	0.000000
46	0.550000	0.000000
47	0.550000	0.000000
48	0.550000	0.000000
49	0.550000	0.000000
50	0.550000	0.000000
51	0.550000	1.000000
52	0.550000	0.000000
53	0.550000	0.000000
54	0.550000	0.000000
55	0.550000	0.333333
56	0.550000	0.000000
57	0.550000	0.000000
58	0.550000	0.000000
59	0.550000	0.000000
60	0.550000	0.000000
61	0.550000	0.000000
62	0.550000	0.000000
63	0.550000	0.000000
64	0.550000	0.000000
1	0.560000	0.000000
2	0.560000	0.000000
3	0.560000	0.000000
4	0.560000	0.000000
5	0.560000	0.000000
6	0.560000	0.000000
7	0.560000	0.000000
8	0.560000	1.000000
9	0.560000	0.000000
10	0.560000	1.000000
11	0.560000	0.000000
12	0.560000	0.000000
13	0.560000	0.000000
14	0.560000	0.000000
15	0.560000	0.000000
16	0.560000	0.000000
17	0.560000	0.666667
18	0.560000	0.000000
19	0.560000	0.000000
20	0.560000	0.000000
21	0.560000	0.000000
22	0.560000	0.000000
23	0.560000	0.000000
24	0.560000	0.000000
25	0.560000	0.000000
26	0.560000	0.000000
27	0.560000	0.000000
28	0.560000	0.000000
29	0.560000	0.000000
30	0.560000	0.000000
31	0.560000	0.000000
32	0.560000	0.000000
33	0.560000	0.000000
34	0.560000	0.000000
35	0.560000	0.000000
36	0.560000	0.000000
37	0.560000	0.000000
38	0.560000	0.000000
39	0.560000	0.000000
40	0.560000	0.000000
41	0.560000	0.000000
42	0.560000	1.000000
43	0.560000	0.000000
44	0.560000	0.666667
45	0.560000	0.000000
46	0.560000	0.000000
47	0.560000	0.000000
48	0.560000	0.000000
49	0.560000	0.000000
50	0.560000	0.000000
51	0.560000	1.000000
52	0.560000	0.000000
53	0.560000	0.000000
54	0.560000	0.000000
55	0.560000	0.333333
56	0.560000	0.000000
57	0.560000	0.000000
58	0.560000	0.000000
59	0.560000	0.000000
60	0.560000	0.000000
61	0.560000	0.000000
62	0.560000	0.000000
63	0.560000	0.000000
64	0.560000	0.000000
1	0.570000	0.000000
2	0.570000	0.000000
3	0.570000	0.000000
4	0.570000	0.000000
5	0.570000	0.000000
6	0.570000	0.000000
7	0.570000	0.000000
8	0.570000	1.000000
9	0.570000	0.000000
10	0.570000	1.000000
11	0.570000	0.000000
12	0.570000	0.000000
13	0.570000	0.000000
14	0.570000	0.000000
15	0.570000	0.000000
16	0.570000	0.000000
17	0.570000	0.666667
18	0.570000	0.000000
19	0.570000	0.000000
20	0.570000	0.000000
21	0.570000	0.000000
22	0.570000	0.000000
23	0.570000	0.000000
24	0.570000	0.000000
25	0.570000	0.000000
26	0.570000	0.000000
27	0.570000	0.000000
28	0.570000	0.000000
29	0.570000	0.000000
30	0.570000	0.000000
31	0.570000	0.000000
32	0.570000	0.000000
33	0.570000	0.000000
34	0.570000	0.000000
35	0.570000	0.000000
36	0.570000	0.000000
37	0.570000	0.000000
38	0.570000	0.000000
39	0.570000	0.000000
40	0.570000	0.000000
41	0.570000	0.000000
42	0.570000	1.000000
43	0.570000	0.000000
44	0.570000	0.666667
45	0.570000	0.000000
46	0.570000	0.000000
47	0.570000	0.000000
48	0.570000	0.000000
49	0.570000	0.000000
50	0.570000	0.000000
51	0.570000	1.000000
52	0.570000	0.000000
53	0.570000	0.000000
54	0.570000	0.000000
55	0.570000	0.333333
56	0.570000	0.000000
57	0.570000	0.000000
58	0.570000	0.000000
59	0.570000	0.000000
60	0.570000	0.000000
61	0.570000	0.000000
62	0.570000	0.000000
63	0.570000	0.000000
64	0.570000	0.000000
1	0.580000	0.000000
2	0.580000	0.000000
3	0.580000	0.000000
4	0.580000	0.000000
5	0.580000	0.000000
6	0.580000	0.000000
7	0.580000	0.000000
8	0.580000	1.000000
9	0.580000	0.000000
10	0.580000	0.000000
11	0.580000	0.000000
12	0.580000	0.000000
13	0.580000	0.000000
14	0.580000	0.000000
15	0.580000	0.000000
16	0.580000	0.000000
17	0.580000	0.000000
18	0.580000	0.000000
19	0.580000	0.000000
20	0.580000	0.000000
21	0.580000	0.000000
22	0.580000	0.000000
23	0.580000	0.000000
24	0.580000	0.000000
25	0.580000	0.000000
26	0.580000	0.000000
27	0.580000	0.000000
28	0.580000	0.000000
29	0.580000	0.000000
30	0.580000	0.000000
31	0.580000	0.000000
32	0.580000	0.000000
33	0.580000	0.000000
34	0.580000	0.000000
35	0.580000	0.000000
36	0.580000	0.000000
37	0.580000	0.000000
38	0.580000	0.000000
39	0.580000	0.000000
40	0.580000	0.000000
41	0.580000	0.000000
42	0.580000	1.000000
43	0.580000	0.000000
44	0.580000	0.000000
45	0.580000	0.000000
46	0.580000	0.000000
47	0.580000	0.000000
48	0.580000	0.000000
49	0.580000	0.000000
50	0.580000	0.000000
51	0.580000	0.000000
52	0.580000	0.000000
53	0.580000	0.000000
54	0.580000	0.000000
55	0.580000	0.333333
56	0.580000	0.000000
57	0.580000	0.000000
58	0.580000	0.000000
59	0.580000	0.000000
60	0.580000	0.000000
61	0.580000	0.000000
62	0.580000	0.000000
63	0.580000	0.000000
64	0.580000	0.000000
1	0.590000	0.000000
2	0.590000	0.000000
3	0.590000	0.000000
4	0.590000	0.000000
5	0.590000	0.000000
6	0.590000	0.000000
7	0.590000	0.000000
8	0.590000	1.000000
9	0.590000	0.000000
10	0.590000	0.000000
11	0.590000	0.000000
12	0.590000	0.000000
13	0.590000	0.000000
14	0.590000	0.000000
15	0.590000	0.000000
16	0.590000	0.000000
17	0.590000	0.000000
18	0.590000	0.000000
19	0.590000	0.000000
20	0.590000	0.000000
21	0.590000	0.000000
22	0.590000	0.000000
23	0.590000	0.000000
24	0.590000	0.000000
25	0.590000	0.000000
26	0.590000	0.000000
27	0.590000	0.000000
28	0.590000	0.000000
29	0.590000	0.000000
30	0.590000	0.000000
31	0.590000	0.000000
32	0.590000	0.000000
33	0.590000	0.000000
34	0.590000	0.000000
35	0.590000	0.000000
36	0.590000	0.000000
37	0.590000	0.000000
38	0.590000	0.000000
39	0.590000	0.000000
40	0.590000	0.000000
41	0.590000	0.000000
42	0.590000	1.000000
43	0.590000	0.000000
44	0.590000	0.000000
45	0.590000	0.000000
46	0.590000	0.000000
47	0.590000	0.000000
48	0.590000	0.000000
49	0.590000	0.000000
50	0.590000	0.000000
51	0.590000	0.000000
52	0.590000	0.000000
53	0.590000	0.000000
54	0.590000	0.000000
55	0.590000	0.333333
56	0.590000	0.000000
57	0.590000	0.000000
58	0.590000	0.000000
59	0.590000	0.000000
60	0.590000	0.000000
61	0.590000	0.000000
62	0.590000	0.000000
63	0.590000	0.000000
64	0.590000	0.000000
1	0.600000	0.000000
2	0.600000	0.000000
3	0.600000	0.000000
4	0.600000	0.000000
5	0.600000	0.000000
6	0.600000	0.000000
7	0.600000	0.000000
8	0.600000	1.000000
9	0.600000	0.000000
10	0.600000	0.000000
11	0.600000	0.000000
12	0.600000	0.000000
13	0.600000	0.000000
14	0.600000	0.000000
15	0.600000	0.000000
16	0.600000	0.000000
17	0.600000	0.000000
18	0.600000	0.000000
19	0.600000	0.000000
20	0.600000	0.000000
21	0.600000	0.000000
22	0.600000	0.000000
23	0.600000	0.000000
24	0.600000	0.000000
25	0.600000	0.000000
26	0.600000	0.000000
27	0.600000	0.000000
28	0.600000	0.000000
29	0.600000	0.000000
30	0.600000	0.000000
31	0.600000	0.000000
32	0.600000	0.000000
33	0.600000	0.000000
34	0.600000	0.000000
35	0.600000	0.000000
36	0.600000	0.000000
37	0.600000	0.000000
38	0.600000	0.000000
39	0.600000	0.000000
40	0.600000	0.000000
41	0.600000	0.000000
42	0.600000	1.000000
43	0.600000	0.000000
44	0.600000	0.000000
45	0.600000	0.000000
46	0.600000	0.000000
47	0.600000	0.000000
48	0.600000	0.000000
49	0.600000	0.000000
50	0.600000	0.000000
51	0.600000	0.000000
52	0.600000	0.000000
53	0.600000	0.000000
54	0.600000	0.000000
55	0.600000	0.333333
56	0.600000	0.000000
57	0.600000	0.000000
58	0.600000	0.000000
59	0.600000	0.000000
60	0.600000	0.000000
61	0.600000	0.000000
62	0.600000	0.000000
63	0.600000	0.000000
64	0.600000	0.000000
1	0.610000	0.000000
2	0.610000	0.000000
3	0.610000	0.000000
4	0.610000	0.000000
5	0.610000	0.000000
6	0.610000	0.000000
7	0.610000	0.000000
8	0.610000	0.000000
9	0.610000	0.000000
10	0.610000	0.000000
11	0.610000	0.000000
12	0.610000	0.000000
13	0.610000	0.000000
14	0.610000	0.000000
15	0.610000	0.000000
16	0.610000	0.000000
17	0.610000	0.000000
18	0.610000	0.000000
19	0.610000	0.000000
20	0.610000	0.000000
21	0.610000	0.000000
22	0.610000	0.000000
23	0.610000	0.000000
24	0.610000	0.000000
25	0.610000	0.000000
26	0.610000	0.000000
27	0.610000	0.000000
28	0.610000	0.000000
29	0.610000	0.000000
30	0.610000	0.000000
31	0.610000	0.000000
32	0.610000	0.000000
33	0.610000	0.000000
34	0.610000	0.000000
35	0.610000	0.000000
36	0.610000	0.000000
37	0.610000	0.000000
38	0.610000	0.000000
39	0.610000	0.000000
40	0.610000	0.000000
41	0.610000	0.000000
42	0.610000	0.000000
43	0.610000	0.000000
44	0.610000	0.000000
45	0.610000	0.000000
46	0.610000	0.000000
47	0.610000	0.000000
48	0.610000	0.000000
49	0.610000	0.000000
50	0.610000	0.000000
51	0.610000	0.000000
52	0.610000	0.000000
53	0.610000	0.000000
54	0.610000	0.000000
55	0.610000	0.000000
56	0.610000	0.000000
57	0.610000	0.000000
58	0.610000	0.000000
59	0.610000	0.000000
60	0.610000	0.000000
61	0.610000	0.000000
62	0.610000	0.000000
63	0.610000	0.000000
64	0.610000	0.000000
1	0.620000	0.000000
2	0.620000	0.000000
3	0.620000	0.000000
4	0.620000	0.000000
5	0.620000	0.000000
6	0.620000	0.000000
7	0.620000	0.000000
8	0.620000	0.000000
9	0.620000	0.000000
10	0.620000	0.000000
11	0.620000	0.000000
12	0.620000	0.000000
13	0.620000	0.000000
14	0.620000	0.000000
15	0.620000	0.000000
16	0.620000	0.000000
17	0.620000	0.000000
18	0.620000	0.000000
19	0.620000	0.000000
20	0.620000	0.000000
21	0.620000	0.000000
22	0.620000	0.000000
23	0.620000	0.000000
24	0.620000	0.000000
25	0.620000	0.000000
26	0.620000	0.000000
27	0.620000	0.000000
28	0.620000	0.000000
29	0.620000	0.000000
30	0.620000	0.000000
31	0.620000	0.000000
32	0.620000	0.000000
33	0.620000	0.000000
34	0.620000	0.000000
35	0.620000	0.000000
36	0.620000	0.000000
37	0.620000	0.000000
38	0.620000	0.000000
39	0.620000	0.000000
40	0.620000	0.000000
41	0.620000	0.000000
42	0.620000	0.000000
43	0.620000	0.000000
44	0.620000	0.000000
45	0.620000	0.000000
46	0.620000	0.000000
47	0.620000	0.000000
48	0.620000	0.000000
49	0.620000	0.000000
50	0.620000	0.000000
51	0.620000	0.000000
52	0.620000	0.000000
53	0.620000	0.000000
54	0.620000	0.000000
55	0.620000	0.000000
56	0.620000	0.000000
57	0.620000	0.000000
58	0.620000	0.000000
59	0.620000	0.000000
60	0.620000	0.000000
61	0.620000	0.000000
62	0.620000	0.000000
63	0.620000	0.000000
64	0.620000	0.000000
1	0.630000	0.000000
2	0.630000	0.000000
3	0.630000	0.000000
4	0.630000	0.000000
5	0.630000	0.000000
6	0.630000	0.000000
7	0.630000	0.000000
8	0.630000	0.000000
9	0.630000	0.000000
10	0.630000	0.000000
11	0.630000	0.000000
12	0.630000	0.000000
13	0.630000	0.000000
14	0.630000	0.000000
15	0.630000	0.000000
16	0.630000	0.000000
17	0.630000	0.000000
18	0.630000	0.000000
19	0.630000	0.000000
20	0.630000	0.000000
21	0.630000	0.000000
22	0.630000	0.000000
23	0.630000	0.000000
24	0.630000	0.000000
25	0.630000	0.000000
26	0.630000	0.000000
27	0.630000	0.000000
28	0.630000	0.000000
29	0.630000	0.000000
30	0.630000	0.000000
31	0.630000	0.000000
32	0.630000	0.000000
33	0.630000	0.000000
34	0.630000	0.000000
35	0.630000	0.000000
36	0.630000	0.000000
37	0.630000	0.000000
38	0.630000	0.000000
39	0.630000	0.000000
40	0.630000	0.000000
41	0.630000	0.000000
42	0.630000	0.000000
43	0.630000	0.000000
44	0.630000	0.000000
45	0.630000	0.000000
46	0.630000	0.000000
47	0.630000	0.000000
48	0.630000	0.000000
49	0.630000	0.000000
50	0.630000	0.000000
51	0.630000	0.000000
52	0.630000	0.000000
53	0.630000	0.000000
54	0.630000	0.000000
55	0.630000	0.000000
56	0.630000	0.000000
57	0.630000	0.000000
58	0.630000	0.000000
59	0.630000	0.000000
60	0.630000	0.000000
61	0.630000	0.000000
62	0.630000	0.000000
63	0.630000	0.000000
64	0.630000	0.000000
1	0.640000	0.000000
2	0.640000	0.000000
3	0.640000	0.000000
4	0.640000	0.000000
5	0.640000	0.000000
6	0.640000	0.000000
7	0.640000	0.000000
8	0.640000	0.000000
9	0.640000	0.000000
10	0.640000	0.000000
11	0.640000	0.000000
12	0.640000	0.000000
13	0.640000	0.000000
14	0.640000	0.000000
15	0.640000	0.000000
16	0.640000	0.000000
17	0.640000	0.000000
18	0.640000	0.000000
19	0.640000	0.000000
20	0.640000	0.000000
21	0.640000	0.000000
22	0.640000	0.000000
23	0.640000	0.000000
24	0.640000	0.000000
25	0.640000	0.000000
26	0.640000	0.000000
27	0.640000	0.000000
28	0.640000	0.000000
29	0.640000	0.000000
30	0.640000	0.000000
31	0.640000	0.000000
32	0.640000	0.000000
33	0.640000	0.000000
34	0.640000	0.000000
35	0.640000	0.000000
36	0.640000	0.000000
37	0.640000	0.000000
38	0.640000	0.000000
39	0.640000	0.000000
40	0.640000	0.000000
41	0.640000	0.000000
42	0.640000	0.000000
43	0.640000	0.000000
44	0.640000	0.000000
45	0.640000	0.000000
46	0.640000	0.000000
47	0.640000	0.000000
48	0.640000	0.000000
49	0.640000	0.000000
50	0.640000	0.000000
51	0.640000	0.000000
52	0.640000	0.000000
53	0.640000	0.000000
54	0.640000	0.000000
55	0.640000	0.000000
56	0.640000	0.000000
57	0.640000	0.000000
58	0.640000	0.000000
59	0.640000	0.000000
60	0.640000	0.000000
61	0.640000	0.000000
62	0.640000	0.000000
63	0.640000	0.000000
64	0.640000	0.000000
1	0.650000	0.000000
2	0.650000	0.000000
3	0.650000	0.000000
4	0.650000	0.000000
5	0.650000	0.000000
6	0.650000	0.000000
7	0.650000	0.000000
8	0.650000	0.000000
9	0.650000	0.000000
10	0.650000	0.000000
11	0.650000	0.000000
12	0.650000	0.000000
13	0.650000	0.000000
14	0.650000	0.000000
15	0.650000	0.000000
16	0.650000	0.000000
17	0.650000	0.000000
18	0.650000	0.000000
19	0.650000	0.000000
20	0.650000	0.000000
21	0.650000	0.000000
22	0.650000	0.000000
23	0.650000	0.000000
24	0.650000	0.000000
25	0.650000	0.000000
26	0.650000	0.000000
27	0.650000	0.000000
28	0.650000	0.000000
29	0.650000	0.000000
30	0.650000	0.000000
31	0.650000	0.000000
32	0.650000	0.000000
33	0.650000	0.000000
34	0.650000	0.000000
35	0.650000	0.000000
36	0.650000	0.000000
37	0.650000	0.000000
38	0.650000	0.000000
39	0.650000	0.000000
40	0.650000	0.000000
41	0.650000	0.000000
42	0.650000	0.000000
43	0.650000	0.000000
44	0.650000	0.000000
45	0.650000	0.000000
46	0.650000	0.000000
47	0.650000	0.000000
48	0.650000	0.000000
49	0.650000	0.000000
50	0.650000	0.000000
51	0.650000	0.000000
52	0.650000	0.000000
53	0.650000	0.000000
54	0.650000	0.000000
55	0.650000	0.000000
56	0.650000	0.000000
57	0.650000	0.000000
58	0.650000	0.000000
59	0.650000	0.000000
60	0.650000	0.000000
61	0.650000	0.000000
62	0.650000	0.000000
63	0.650000	0.000000
64	0.650000	0.000000
1	0.660000	0.000000
2	0.660000	0.000000
3	0.660000	0.000000
4	0.660000	0.000000
5	0.660000	0.000000
6	0.660000	0.000000
7	0.660000	0.000000
8	0.660000	0.000000
9	0.660000	0.000000
10	0.660000	0.000000
11	0.660000	0.000000
12	0.660000	0.000000
13	0.660000	0.000000
14	0.660000	0.000000
15	0.660000	0.000000
16	0.660000	0.000000
17	0.660000	0.000000
18	0.660000	0.000000
19	0.660000	0.000000
20	0.660000	0.000000
21	0.660000	0.000000
22	0.660000	0.000000
23	0.660000	0.000000
24	0.660000	0.000000
25	0.660000	0.000000
26	0.660000	0.000000
27	0.660000	0.000000
28	0.660000	0.000000
29	0.660000	0.000000
30	0.660000	0.000000
31	0.660000	0.000000
32	0.660000	0.000000
33	0.660000	0.000000
34	0.660000	0.000000
35	0.660000	0.000000
36	0.660000	0.000000
37	0.660000	0.000000
38	0.660000	0.000000
39	0.660000	0.000000
40	0.660000	0.000000
41	0.660000	0.000000
42	0.660000	0.000000
43	0.660000	0.000000
44	0.660000	0.000000
45	0.660000	0.000000
46	0.660000	0.000000
47	0.660000	0.000000
48	0.660000	0.000000
49	0.660000	0.000000
50	0.660000	0.000000
51	0.660000	0.000000
52	0.660000	0.000000
53	0.660000	0.000000
54	0.660000	0.000000
55	0.660000	0.000000
56	0.660000	0.000000
57	0.660000	0.000000
58	0.660000	0.000000
59	0.660000	0.000000
60	0.660000	0.000000
61	0.660000	0.000000
62	0.660000	0.000000
63	0.660000	0.000000
64	0.660000	0.000000
1	0.670000	0.000000
2	0.670000	0.000000
3	0.670000	0.000000
4	0.670000	0.000000
5	0.670000	0.000000
6	0.670000	0.000000
7	0.670000	0.000000
8	0.670000	0.000000
9	0.670000	0.000000
10	0.670000	0.000000
11	0.670000	0.000000
12	0.670000	0.000000
13	0.670000	0.000000
14	0.670000	0.000000
15	0.670000	0.000000
16	0.670000	0.000000
17	0.670000	0.000000
18	0.670000	0.000000
19	0.670000	0.000000
20	0.670000	0.000000
21	0.670000	0.000000
22	0.670000	0.000000
23	0.670000	0.000000
24	0.670000	0.000000
25	0.670000	0.000000
26	0.670000	0.000000
27	0.670000	0.000000
28	0.670000	0.000000
29	0.670000	0.000000
30	0.670000	0.000000
31	0.670000	0.000000
32	0.670000	0.000000
33	0.670000	0.000000
34	0.670000	0.000000
35	0.670000	0.000000
36	0.670000	0.000000
37	0.670000	0.000000
38	0.670000	0.000000
39	0.670000	0.000000
40	0.670000	0.000000
41	0.670000	0.000000
42	0.670000	0.000000
43	0.670000	0.000000
44	0.670000	0.000000
45	0.670000	0.000000
46	0.670000	0.000000
47	0.670000	0.000000
48	0.670000	0.000000
49	0.670000	0.000000
50	0.670000	0.000000
51	0.670000	0.000000
52	0.670000	0.000000
53	0.670000	0.000000
54	0.670000	0.000000
55	0.670000	0.000000
56	0.670000	0.000000
57	0.670000	0.000000
58	0.670000	0.000000
59	0.670000	0.000000
60	0.670000	0.000000
61	0.670000	0.000000
62	0.670000	0.000000
63	0.670000	0.000000
64	0.670000	0.000000
1	0.680000	0.000000
2	0.680000	0.000000
3	0.680000	0.000000
4	0.680000	0.000000
5	0.680000	0.000000
6	0.680000	0.000000
7	0.680000	0.000000
8	0.680000	0.000000
9	0.680000	0.000000
10	0.680000	0.000000
11	0.680000	0.000000
12	0.680000	0.000000
13	0.680000	0.000000
14	0.680000	0.000000
15	0.680000	0.000000
16	0.680000	0.000000
17	0.680000	0.000000
18	0.680000	0.000000
19	0.680000	0.000000
20	0.680000	0.000000
21	0.680000	0.000000
22	0.680000	0.000000
23	0.680000	0.000000
24	0.680000	0.000000
25	0.680000	0.000000
26	0.680000	0.000000
27	0.680000	0.000000
28	0.680000	0.000000
29	0.680000	0.000000
30	0.680000	0.000000
31	0.680000	0.000000
32	0.680000	0.000000
33	0.680000	0.000000
34	0.680000	0.000000
35	0.680000	0.000000
36	0.680000	0.000000
37	0.680000	0.000000
38	0.680000	0.000000
39	0.680000	0.000000
40	0.680000	0.000000
41	0.680000	0.000000
42	0.680000	0.000000
43	0.680000	0.000000
44	0.680000	0.000000
45	0.680000	0.000000
46	0.680000	0.000000
47	0.680000	0.000000
48	0.680000	0.000000
49	0.680000	0.000000
50	0.680000	0.000000
51	0.680000	0.000000
52	0.680000	0.000000
53	0.680000	0.000000
54	0.680000	0.000000
55	0.680000	0.000000
56	0.680000	0.000000
57	0.680000	0.000000
58	0.680000	0.000000
59	0.680000	0.000000
60	0.680000	0.000000
61	0.680000	0.000000
62	0.680000	0.000000
63	0.680000	0.000000
64	0.680000	0.000000
1	0.690000	0.000000
2	0.690000	0.000000
3	0.690000	0.000000
4	0.690000	0.000000
5	0.690000	0.000000
6	0.690000	0.000000
7	0.690000	0.000000
8	0.690000	0.000000
9	0.690000	0.000000
10	0.690000	0.000000
11	0.690000	0.000000
12	0.690000	0.000000
13	0.690000	0.000000
14	0.690000	0.000000
15	0.690000	0.000000
16	0.690000	0.000000
17	0.690000	0.000000
18	0.690000	0.000000
19	0.690000	0.000000
20	0.690000	0.000000
21	0.690000	0.000000
22	0.690000	0.000000
23	0.690000	0.000000
24	0.690000	0.000000
25	0.690000	0.000000
26	0.690000	0.000000
27	0.690000	0.000000
28	0.690000	0.000000
29	0.690000	0.000000
30	0.690000	0.000000
31	0.690000	0.000000
32	0.690000	0.000000
33	0.690000	0.000000
34	0.690000	0.000000
35	0.690000	0.000000
36	0.690000	0.000000
37	0.690000	0.000000
38	0.690000	0.000000
39	0.690000	0.000000
40	0.690000	0.000000
41	0.690000	0.000000
42	0.690000	0.000000
43	0.690000	0.000000
44	0.690000	0.000000
45	0.690000	0.000000
46	0.690000	0.000000
47	0.690000	0.000000
48	0.690000	0.000000
49	0.690000	0.000000
50	0.690000	0.000000
51	0.690000	0.000000
52	0.690000	0.000000
53	0.690000	0.000000
54	0.690000	0.000000
55	0.690000	0.000000
56	0.690000	0.000000
57	0.690000	0.000000
58	0.690000	0.000000
59	0.690000	0.000000
60	0.690000	0.000000
61	0.690000	0.000000
62	0.690000	0.000000
63	0.690000	0.000000
64	0.690000	0.000000
1	0.700000	0.000000
2	0.700000	0.000000
3	0.700000	0.000000
4	0.700000	0.000000
5	0.700000	0.000000
6	0.700000	0.000000
7	0.700000	0.000000
8	0.700000	0.000000
9	0.700000	0.000000
10	0.700000	0.000000
11	0.700000	0.000000
12	0.700000	0.000000
13	0.700000	0.000000
14	0.700000	0.000000
15	0.700000	0.000000
16	0.700000	0.000000
17	0.700000	0.000000
18	0.700000	0.000000
19	0.700000	0.000000
20	0.700000	0.000000
21	0.700000	0.000000
22	0.700000	0.000000
23	0.700000	0.000000
24	0.700000	0.000000
25	0.700000	0.000000
26	0.700000	0.000000
27	0.700000	0.000000
28	0.700000	0.000000
29	0.700000	0.000000
30	0.700000	0.000000
31	0.700000	0.000000
32	0.700000	0.000000
33	0.700000	0.000000
34	0.700000	0.000000
35	0.700000	0.000000
36	0.700000	0.000000
37	0.700000	0.000000
38	0.700000	0.000000
39	0.700000	0.000000
40	0.700000	0.000000
41	0.700000	0.000000
42	0.700000	0.000000
43	0.700000	0.000000
44	0.700000	0.000000
45	0.700000	0.000000
46	0.700000	0.000000
47	0.700000	0.000000
48	0.700000	0.000000
49	0.700000	0.000000
50	0.700000	0.000000
51	0.700000	0.000000
52	0.700000	0.000000
53	0.700000	0.000000
54	0.700000	0.000000
55	0.700000	0.000000
56	0.700000	0.000000
57	0.700000	0.000000
58	0.700000	0.000000
59	0.700000	0.000000
60	0.700000	0.000000
61	0.700000	0.000000
62	0.700000	0.000000
63	0.700000	0.000000
64	0.700000	0.000000
