1	0.200000	0.820312
2	0.200000	0.820312
3	0.200000	0.898438
4	0.200000	0.726562
5	0.200000	0.906250
6	0.200000	0.734375
7	0.200000	0.867188
8	0.200000	0.914062
9	0.200000	0.718750
10	0.200000	0.914062
11	0.200000	0.906250
12	0.200000	0.898438
13	0.200000	0.679688
14	0.200000	0.875000
15	0.200000	0.875000
16	0.200000	0.976562
17	0.200000	0.953125
18	0.200000	0.859375
19	0.200000	0.882812
20	0.200000	0.789062
21	0.200000	0.882812
22	0.200000	0.921875
23	0.200000	0.937500
24	0.200000	0.851562
25	0.200000	0.914062
26	0.200000	0.804688
27	0.200000	0.773438
28	0.200000	0.812500
29	0.200000	0.820312
30	0.200000	0.828125
31	0.200000	0.687500
32	0.200000	0.625000
33	0.200000	0.796875
34	0.200000	0.976562
35	0.200000	0.843750
36	0.200000	0.835938
37	0.200000	0.914062
38	0.200000	0.695312
39	0.200000	0.773438
40	0.200000	0.882812
41	0.200000	0.843750
42	0.200000	0.968750
43	0.200000	0.664062
44	0.200000	0.914062
45	0.200000	0.898438
46	0.200000	0.921875
47	0.200000	0.718750
48	0.200000	0.929688
49	0.200000	0.937500
50	0.200000	0.984375
51	0.200000	0.898438
52	0.200000	0.820312
53	0.200000	0.859375
54	0.200000	0.750000
55	0.200000	0.906250
56	0.200000	0.953125
57	0.200000	0.929688
58	0.200000	0.828125
59	0.200000	0.695312
60	0.200000	0.929688
61	0.200000	0.742188
62	0.200000	0.859375
63	0.200000	0.804688
64	0.200000	0.789062

1	0.210000	0.820312
2	0.210000	0.812500
3	0.210000	0.890625
4	0.210000	0.726562
5	0.210000	0.898438
6	0.210000	0.710938
7	0.210000	0.859375
8	0.210000	0.914062
9	0.210000	0.664062
10	0.210000	0.890625
11	0.210000	0.890625
12	0.210000	0.867188
13	0.210000	0.656250
14	0.210000	0.843750
15	0.210000	0.828125
16	0.210000	0.960938
17	0.210000	0.945312
18	0.210000	0.843750
19	0.210000	0.867188
20	0.210000	0.757812
21	0.210000	0.882812
22	0.210000	0.906250
23	0.210000	0.929688
24	0.210000	0.843750
25	0.210000	0.882812
26	0.210000	0.796875
27	0.210000	0.750000
28	0.210000	0.796875
29	0.210000	0.796875
30	0.210000	0.804688
31	0.210000	0.671875
32	0.210000	0.625000
33	0.210000	0.757812
34	0.210000	0.960938
35	0.210000	0.835938
36	0.210000	0.835938
37	0.210000	0.914062
38	0.210000	0.687500
39	0.210000	0.757812
40	0.210000	0.828125
41	0.210000	0.835938
42	0.210000	0.968750
43	0.210000	0.593750
44	0.210000	0.898438
45	0.210000	0.890625
46	0.210000	0.898438
47	0.210000	0.687500
48	0.210000	0.890625
49	0.210000	0.914062
50	0.210000	0.976562
51	0.210000	0.898438
52	0.210000	0.796875
53	0.210000	0.835938
54	0.210000	0.734375
55	0.210000	0.898438
56	0.210000	0.914062
57	0.210000	0.929688
58	0.210000	0.820312
59	0.210000	0.687500
60	0.210000	0.914062
61	0.210000	0.726562
62	0.210000	0.851562
63	0.210000	0.804688
64	0.210000	0.765625

1	0.220000	0.820312
2	0.220000	0.804688
3	0.220000	0.859375
4	0.220000	0.710938
5	0.220000	0.867188
6	0.220000	0.703125
7	0.220000	0.859375
8	0.220000	0.906250
9	0.220000	0.632812
10	0.220000	0.882812
11	0.220000	0.890625
12	0.220000	0.828125
13	0.220000	0.653646
14	0.220000	0.828125
15	0.220000	0.820312
16	0.220000	0.953125
17	0.220000	0.921875
18	0.220000	0.796875
19	0.220000	0.851562
20	0.220000	0.726562
21	0.220000	0.882812
22	0.220000	0.906250
23	0.220000	0.929688
24	0.220000	0.804688
25	0.220000	0.851562
26	0.220000	0.789062
27	0.220000	0.742188
28	0.220000	0.781250
29	0.220000	0.796875
30	0.220000	0.789062
31	0.220000	0.640625
32	0.220000	0.609375
33	0.220000	0.750000
34	0.220000	0.945312
35	0.220000	0.812500
36	0.220000	0.820312
37	0.220000	0.906250
38	0.220000	0.648438
39	0.220000	0.734375
40	0.220000	0.804688
41	0.220000	0.820312
42	0.220000	0.960938
43	0.220000	0.559896
44	0.220000	0.882812
45	0.220000	0.875000
46	0.220000	0.890625
47	0.220000	0.664062
48	0.220000	0.882812
49	0.220000	0.890625
50	0.220000	0.945312
51	0.220000	0.890625
52	0.220000	0.789062
53	0.220000	0.812500
54	0.220000	0.718750
55	0.220000	0.898438
56	0.220000	0.890625
57	0.220000	0.914062
58	0.220000	0.804688
59	0.220000	0.671875
60	0.220000	0.875000
61	0.220000	0.695312
62	0.220000	0.843750
63	0.220000	0.773438
64	0.220000	0.734375

1	0.230000	0.820312
2	0.230000	0.804688
3	0.230000	0.843750
4	0.230000	0.679688
5	0.230000	0.843750
6	0.230000	0.656250
7	0.230000	0.843750
8	0.230000	0.890625
9	0.230000	0.609375
10	0.230000	0.875000
11	0.230000	0.890625
12	0.230000	0.796875
13	0.230000	0.638021
14	0.230000	0.804688
15	0.230000	0.796875
16	0.230000	0.937500
17	0.230000	0.906250
18	0.230000	0.781250
19	0.230000	0.804688
20	0.230000	0.679688
21	0.230000	0.875000
22	0.230000	0.906250
23	0.230000	0.929688
24	0.230000	0.773438
25	0.230000	0.820312
26	0.230000	0.765625
27	0.230000	0.726562
28	0.230000	0.765625
29	0.230000	0.765625
30	0.230000	0.789062
31	0.230000	0.609375
32	0.230000	0.609375
33	0.230000	0.710938
34	0.230000	0.937500
35	0.230000	0.812500
36	0.230000	0.820312
37	0.230000	0.906250
38	0.230000	0.640625
39	0.230000	0.734375
40	0.230000	0.796875
41	0.230000	0.796875
42	0.230000	0.960938
43	0.230000	0.544271
44	0.230000	0.867188
45	0.230000	0.875000
46	0.230000	0.843750
47	0.230000	0.664062
48	0.230000	0.851562
49	0.230000	0.875000
50	0.230000	0.945312
51	0.230000	0.859375
52	0.230000	0.757812
53	0.230000	0.773438
54	0.230000	0.695312
55	0.230000	0.875000
56	0.230000	0.875000
57	0.230000	0.890625
58	0.230000	0.781250
59	0.230000	0.671875
60	0.230000	0.867188
61	0.230000	0.656250
62	0.230000	0.835938
63	0.230000	0.757812
64	0.230000	0.718750

1	0.240000	0.796875
2	0.240000	0.804688
3	0.240000	0.812500
4	0.240000	0.664062
5	0.240000	0.835938
6	0.240000	0.632812
7	0.240000	0.828125
8	0.240000	0.875000
9	0.240000	0.552083
10	0.240000	0.859375
11	0.240000	0.875000
12	0.240000	0.757812
13	0.240000	0.635417
14	0.240000	0.765625
15	0.240000	0.750000
16	0.240000	0.914062
17	0.240000	0.882812
18	0.240000	0.773438
19	0.240000	0.765625
20	0.240000	0.656250
21	0.240000	0.867188
22	0.240000	0.851562
23	0.240000	0.921875
24	0.240000	0.726562
25	0.240000	0.781250
26	0.240000	0.703125
27	0.240000	0.695312
28	0.240000	0.750000
29	0.240000	0.734375
30	0.240000	0.755208
31	0.240000	0.601562
32	0.240000	0.585938
33	0.240000	0.695312
34	0.240000	0.914062
35	0.240000	0.773438
36	0.240000	0.804688
37	0.240000	0.890625
38	0.240000	0.625000
39	0.240000	0.710938
40	0.240000	0.750000
41	0.240000	0.773438
42	0.240000	0.937500
43	0.240000	0.526042
44	0.240000	0.851562
45	0.240000	0.875000
46	0.240000	0.820312
47	0.240000	0.664062
48	0.240000	0.828125
49	0.240000	0.851562
50	0.240000	0.937500
51	0.240000	0.843750
52	0.240000	0.742188
53	0.240000	0.742188
54	0.240000	0.664062
55	0.240000	0.859375
56	0.240000	0.828125
57	0.240000	0.867188
58	0.240000	0.742188
59	0.240000	0.638021
60	0.240000	0.835938
61	0.240000	0.632812
62	0.240000	0.804688
63	0.240000	0.734375
64	0.240000	0.700521

1	0.250000	0.781250
2	0.250000	0.796875
3	0.250000	0.781250
4	0.250000	0.661458
5	0.250000	0.804688
6	0.250000	0.598958
7	0.250000	0.789062
8	0.250000	0.875000
9	0.250000	0.533854
10	0.250000	0.859375
11	0.250000	0.875000
12	0.250000	0.757812
13	0.250000	0.627604
14	0.250000	0.726562
15	0.250000	0.726562
16	0.250000	0.875000
17	0.250000	0.859375
18	0.250000	0.750000
19	0.250000	0.734375
20	0.250000	0.645833
21	0.250000	0.859375
22	0.250000	0.835938
23	0.250000	0.921875
24	0.250000	0.695312
25	0.250000	0.734375
26	0.250000	0.669271
27	0.250000	0.695312
28	0.250000	0.703125
29	0.250000	0.713542
30	0.250000	0.729167
31	0.250000	0.591146
32	0.250000	0.554688
33	0.250000	0.671875
34	0.250000	0.914062
35	0.250000	0.750000
36	0.250000	0.781250
37	0.250000	0.890625
38	0.250000	0.625000
39	0.250000	0.687500
40	0.250000	0.726562
41	0.250000	0.742188
42	0.250000	0.929688
43	0.250000	0.502604
44	0.250000	0.835938
45	0.250000	0.835938
46	0.250000	0.781250
47	0.250000	0.664062
48	0.250000	0.781250
49	0.250000	0.828125
50	0.250000	0.914062
51	0.250000	0.820312
52	0.250000	0.726562
53	0.250000	0.726562
54	0.250000	0.656250
55	0.250000	0.859375
56	0.250000	0.796875
57	0.250000	0.851562
58	0.250000	0.718750
59	0.250000	0.627604
60	0.250000	0.828125
61	0.250000	0.632812
62	0.250000	0.765625
63	0.250000	0.710938
64	0.250000	0.690104

1	0.260000	0.763021
2	0.260000	0.778646
3	0.260000	0.763021
4	0.260000	0.635417
5	0.260000	0.781250
6	0.260000	0.591146
7	0.260000	0.786458
8	0.260000	0.864583
9	0.260000	0.486979
10	0.260000	0.843750
11	0.260000	0.833333
12	0.260000	0.734375
13	0.260000	0.596354
14	0.260000	0.716146
15	0.260000	0.708333
16	0.260000	0.848958
17	0.260000	0.859375
18	0.260000	0.713542
19	0.260000	0.716146
20	0.260000	0.611979
21	0.260000	0.843750
22	0.260000	0.796875
23	0.260000	0.906250
24	0.260000	0.684896
25	0.260000	0.684896
26	0.260000	0.643229
27	0.260000	0.674479
28	0.260000	0.690104
29	0.260000	0.705729
30	0.260000	0.726562
31	0.260000	0.565104
32	0.260000	0.518229
33	0.260000	0.648438
34	0.260000	0.882812
35	0.260000	0.718750
36	0.260000	0.770833
37	0.260000	0.851562
38	0.260000	0.604167
39	0.260000	0.671875
40	0.260000	0.703125
41	0.260000	0.731771
42	0.260000	0.914062
43	0.260000	0.424479
44	0.260000	0.828125
45	0.260000	0.802083
46	0.260000	0.781250
47	0.260000	0.643229
48	0.260000	0.757812
49	0.260000	0.820312
50	0.260000	0.859375
51	0.260000	0.796875
52	0.260000	0.710938
53	0.260000	0.708333
54	0.260000	0.627604
55	0.260000	0.859375
56	0.260000	0.765625
57	0.260000	0.851562
58	0.260000	0.692708
59	0.260000	0.606771
60	0.260000	0.820312
61	0.260000	0.606771
62	0.260000	0.763021
63	0.260000	0.700521
64	0.260000	0.674479

1	0.270000	0.760417
2	0.270000	0.752604
3	0.270000	0.747396
4	0.270000	0.611979
5	0.270000	0.750000
6	0.270000	0.552083
7	0.270000	0.768229
8	0.270000	0.846354
9	0.270000	0.473958
10	0.270000	0.828125
11	0.270000	0.815104
12	0.270000	0.705729
13	0.270000	0.596354
14	0.270000	0.697917
15	0.270000	0.690104
16	0.270000	0.809896
17	0.270000	0.848958
18	0.270000	0.679688
19	0.270000	0.692708
20	0.270000	0.593750
21	0.270000	0.817708
22	0.270000	0.781250
23	0.270000	0.898438
24	0.270000	0.658854
25	0.270000	0.669271
26	0.270000	0.625000
27	0.270000	0.617188
28	0.270000	0.679688
29	0.270000	0.687500
30	0.270000	0.713542
31	0.270000	0.533854
32	0.270000	0.444010
33	0.270000	0.640625
34	0.270000	0.843750
35	0.270000	0.710938
36	0.270000	0.752604
37	0.270000	0.841146
38	0.270000	0.604167
39	0.270000	0.653646
40	0.270000	0.640625
41	0.270000	0.721354
42	0.270000	0.914062
43	0.270000	0.407552
44	0.270000	0.789062
45	0.270000	0.760417
46	0.270000	0.768229
47	0.270000	0.627604
48	0.270000	0.747396
49	0.270000	0.789062
50	0.270000	0.843750
51	0.270000	0.765625
52	0.270000	0.703125
53	0.270000	0.692708
54	0.270000	0.611979
55	0.270000	0.830729
56	0.270000	0.757812
57	0.270000	0.851562
58	0.270000	0.651042
59	0.270000	0.580729
60	0.270000	0.802083
61	0.270000	0.585938
62	0.270000	0.736979
63	0.270000	0.679688
64	0.270000	0.666667

1	0.280000	0.729167
2	0.280000	0.731771
3	0.280000	0.729167
4	0.280000	0.604167
5	0.280000	0.710938
6	0.280000	0.500000
7	0.280000	0.731771
8	0.280000	0.828125
9	0.280000	0.378906
10	0.280000	0.799479
11	0.280000	0.789062
12	0.280000	0.690104
13	0.280000	0.554688
14	0.280000	0.674479
15	0.280000	0.661458
16	0.280000	0.752604
17	0.280000	0.841146
18	0.280000	0.661458
19	0.280000	0.684896
20	0.280000	0.593750
21	0.280000	0.794271
22	0.280000	0.750000
23	0.280000	0.859375
24	0.280000	0.617188
25	0.280000	0.648438
26	0.280000	0.596354
27	0.280000	0.601562
28	0.280000	0.643229
29	0.280000	0.669271
30	0.280000	0.687500
31	0.280000	0.486979
32	0.280000	0.432292
33	0.280000	0.635417
34	0.280000	0.815104
35	0.280000	0.682292
36	0.280000	0.736979
37	0.280000	0.833333
38	0.280000	0.596354
39	0.280000	0.611979
40	0.280000	0.604167
41	0.280000	0.708333
42	0.280000	0.890625
43	0.280000	0.378906
44	0.280000	0.760417
45	0.280000	0.739583
46	0.280000	0.736979
47	0.280000	0.619792
48	0.280000	0.713542
49	0.280000	0.750000
50	0.280000	0.794271
51	0.280000	0.757812
52	0.280000	0.674479
53	0.280000	0.677083
54	0.280000	0.611979
55	0.280000	0.820312
56	0.280000	0.734375
57	0.280000	0.835938
58	0.280000	0.606771
59	0.280000	0.578125
60	0.280000	0.799479
61	0.280000	0.565104
62	0.280000	0.726562
63	0.280000	0.651042
64	0.280000	0.648437

1	0.290000	0.708333
2	0.290000	0.692708
3	0.290000	0.671875
4	0.290000	0.585938
5	0.290000	0.679688
6	0.290000	0.486979
7	0.290000	0.703125
8	0.290000	0.794271
9	0.290000	0.015625
10	0.290000	0.765625
11	0.290000	0.770833
12	0.290000	0.669271
13	0.290000	0.531250
14	0.290000	0.648438
15	0.290000	0.617187
16	0.290000	0.723958
17	0.290000	0.802083
18	0.290000	0.643229
19	0.290000	0.653646
20	0.290000	0.572917
21	0.290000	0.783854
22	0.290000	0.716146
23	0.290000	0.809896
24	0.290000	0.541667
25	0.290000	0.625000
26	0.290000	0.554688
27	0.290000	0.565104
28	0.290000	0.625000
29	0.290000	0.651042
30	0.290000	0.661458
31	0.290000	0.471354
32	0.290000	0.419271
33	0.290000	0.617188
34	0.290000	0.796875
35	0.290000	0.661458
36	0.290000	0.716146
37	0.290000	0.817708
38	0.290000	0.546875
39	0.290000	0.585938
40	0.290000	0.554687
41	0.290000	0.664062
42	0.290000	0.848958
43	0.290000	0.015625
44	0.290000	0.736979
45	0.290000	0.721354
46	0.290000	0.710938
47	0.290000	0.583333
48	0.290000	0.671875
49	0.290000	0.684896
50	0.290000	0.755208
51	0.290000	0.723958
52	0.290000	0.640625
53	0.290000	0.630208
54	0.290000	0.593750
55	0.290000	0.802083
56	0.290000	0.692708
57	0.290000	0.820312
58	0.290000	0.572917
59	0.290000	0.570312
60	0.290000	0.773438
61	0.290000	0.518229
62	0.290000	0.716146
63	0.290000	0.625000
64	0.290000	0.635417

1	0.300000	0.682292
2	0.300000	0.674479
3	0.300000	0.656250
4	0.300000	0.585938
5	0.300000	0.664062
6	0.300000	0.479167
7	0.300000	0.692708
8	0.300000	0.778646
9	0.300000	0.015625
10	0.300000	0.721354
11	0.300000	0.731771
12	0.300000	0.619792
13	0.300000	0.523437
14	0.300000	0.630208
15	0.300000	0.580729
16	0.300000	0.708333
17	0.300000	0.794271
18	0.300000	0.643229
19	0.300000	0.635417
20	0.300000	0.565104
21	0.300000	0.765625
22	0.300000	0.708333
23	0.300000	0.786458
24	0.300000	0.523438
25	0.300000	0.591146
26	0.300000	0.520833
27	0.300000	0.552083
28	0.300000	0.606771
29	0.300000	0.643229
30	0.300000	0.651042
31	0.300000	0.463542
32	0.300000	0.414062
33	0.300000	0.601562
34	0.300000	0.789062
35	0.300000	0.643229
36	0.300000	0.697917
37	0.300000	0.817708
38	0.300000	0.544271
39	0.300000	0.570312
40	0.300000	0.526042
41	0.300000	0.648438
42	0.300000	0.841146
43	0.300000	0.015625
44	0.300000	0.674479
45	0.300000	0.697917
46	0.300000	0.674479
47	0.300000	0.575521
48	0.300000	0.645833
49	0.300000	0.666667
50	0.300000	0.739583
51	0.300000	0.713542
52	0.300000	0.617188
53	0.300000	0.622396
54	0.300000	0.578125
55	0.300000	0.791667
56	0.300000	0.669271
57	0.300000	0.789062
58	0.300000	0.536458
59	0.300000	0.513021
60	0.300000	0.757812
61	0.300000	0.505208
62	0.300000	0.677083
63	0.300000	0.625000
64	0.300000	0.619792

1	0.310000	0.661458
2	0.310000	0.666667
3	0.310000	0.622396
4	0.310000	0.523438
5	0.310000	0.640625
6	0.310000	0.454427
7	0.310000	0.677083
8	0.310000	0.778646
9	0.310000	0.015625
10	0.310000	0.713542
11	0.310000	0.713542
12	0.310000	0.575521
13	0.310000	0.507812
14	0.310000	0.567708
15	0.310000	0.570312
16	0.310000	0.697917
17	0.310000	0.755208
18	0.310000	0.632812
19	0.310000	0.596354
20	0.310000	0.562500
21	0.310000	0.757812
22	0.310000	0.708333
23	0.310000	0.760417
24	0.310000	0.497396
25	0.310000	0.567708
26	0.310000	0.468750
27	0.310000	0.546875
28	0.310000	0.585938
29	0.310000	0.622396
30	0.310000	0.640625
31	0.310000	0.445312
32	0.310000	0.401042
33	0.310000	0.570312
34	0.310000	0.757812
35	0.310000	0.630208
36	0.310000	0.666667
37	0.310000	0.786458
38	0.310000	0.536458
39	0.310000	0.557292
40	0.310000	0.505208
41	0.310000	0.630208
42	0.310000	0.794271
43	0.310000	0.015625
44	0.310000	0.643229
45	0.310000	0.671875
46	0.310000	0.666667
47	0.310000	0.559896
48	0.310000	0.611979
49	0.310000	0.658854
50	0.310000	0.697917
51	0.310000	0.674479
52	0.310000	0.611979
53	0.310000	0.596354
54	0.310000	0.565104
55	0.310000	0.768229
56	0.310000	0.645833
57	0.310000	0.781250
58	0.310000	0.494792
59	0.310000	0.492187
60	0.310000	0.734375
61	0.310000	0.467448
62	0.310000	0.666667
63	0.310000	0.619792
64	0.310000	0.606771

1	0.320000	0.653646
2	0.320000	0.632812
3	0.320000	0.606771
4	0.320000	0.523438
5	0.320000	0.625000
6	0.320000	0.445312
7	0.320000	0.664062
8	0.320000	0.731771
9	0.320000	0.015625
10	0.320000	0.695312
11	0.320000	0.697917
12	0.320000	0.541667
13	0.320000	0.492187
14	0.320000	0.541667
15	0.320000	0.559896
16	0.320000	0.658854
17	0.320000	0.739583
18	0.320000	0.614583
19	0.320000	0.591146
20	0.320000	0.554688
21	0.320000	0.721354
22	0.320000	0.671875
23	0.320000	0.729167
24	0.320000	0.476562
25	0.320000	0.557292
26	0.320000	0.466146
27	0.320000	0.541667
28	0.320000	0.575521
29	0.320000	0.609375
30	0.320000	0.630208
31	0.320000	0.442708
32	0.320000	0.401042
33	0.320000	0.523438
34	0.320000	0.750000
35	0.320000	0.614583
36	0.320000	0.627604
37	0.320000	0.763021
38	0.320000	0.536458
39	0.320000	0.557292
40	0.320000	0.486979
41	0.320000	0.622396
42	0.320000	0.770833
43	0.320000	0.015625
44	0.320000	0.632812
45	0.320000	0.671875
46	0.320000	0.656250
47	0.320000	0.500000
48	0.320000	0.559896
49	0.320000	0.632812
50	0.320000	0.697917
51	0.320000	0.627604
52	0.320000	0.617188
53	0.320000	0.585938
54	0.320000	0.554688
55	0.320000	0.750000
56	0.320000	0.601562
57	0.320000	0.773438
58	0.320000	0.492188
59	0.320000	0.489583
60	0.320000	0.718750
61	0.320000	0.471354
62	0.320000	0.640625
63	0.320000	0.619792
64	0.320000	0.606771

1	0.330000	0.613281
2	0.330000	0.608073
3	0.330000	0.570312
4	0.330000	0.464844
5	0.330000	0.585938
6	0.330000	0.429687
7	0.330000	0.635417
8	0.330000	0.697917
9	0.330000	0.015625
10	0.330000	0.692708
11	0.330000	0.682292
12	0.330000	0.537760
13	0.330000	0.483073
14	0.330000	0.545573
15	0.330000	0.540365
16	0.330000	0.638021
17	0.330000	0.736979
18	0.330000	0.580729
19	0.330000	0.583333
20	0.330000	0.552083
21	0.330000	0.697917
22	0.330000	0.632813
23	0.330000	0.729167
24	0.330000	0.437500
25	0.330000	0.554688
26	0.330000	0.460937
27	0.330000	0.531250
28	0.330000	0.562500
29	0.330000	0.609375
30	0.330000	0.618490
31	0.330000	0.423177
32	0.330000	0.360677
33	0.330000	0.492187
34	0.330000	0.734375
35	0.330000	0.610677
36	0.330000	0.613281
37	0.330000	0.726562
38	0.330000	0.533854
39	0.330000	0.526042
40	0.330000	0.429687
41	0.330000	0.617188
42	0.330000	0.770833
43	0.330000	0.015625
44	0.330000	0.622396
45	0.330000	0.661458
46	0.330000	0.622396
47	0.330000	0.475260
48	0.330000	0.555990
49	0.330000	0.622396
50	0.330000	0.669271
51	0.330000	0.617188
52	0.330000	0.601562
53	0.330000	0.575521
54	0.330000	0.541667
55	0.330000	0.734375
56	0.330000	0.591146
57	0.330000	0.721354
58	0.330000	0.468750
59	0.330000	0.459635
60	0.330000	0.695313
61	0.330000	0.463542
62	0.330000	0.638021
63	0.330000	0.601562
64	0.330000	0.600260

1	0.340000	0.597656
2	0.340000	0.589844
3	0.340000	0.567708
4	0.340000	0.520833
5	0.340000	0.576823
6	0.340000	0.412760
7	0.340000	0.605469
8	0.340000	0.691406
9	0.340000	0.015625
10	0.340000	0.657552
11	0.340000	0.654948
12	0.340000	0.527344
13	0.340000	0.481771
14	0.340000	0.516927
15	0.340000	0.492187
16	0.340000	0.622396
17	0.340000	0.688802
18	0.340000	0.567708
19	0.340000	0.558594
20	0.340000	0.531250
21	0.340000	0.688802
22	0.340000	0.625000
23	0.340000	0.713542
24	0.340000	0.433594
25	0.340000	0.510417
26	0.340000	0.440104
27	0.340000	0.497396
28	0.340000	0.540365
29	0.340000	0.588542
30	0.340000	0.595052
31	0.340000	0.397135
32	0.340000	0.294271
33	0.340000	0.463542
34	0.340000	0.716146
35	0.340000	0.582031
36	0.340000	0.600260
37	0.340000	0.708333
38	0.340000	0.518229
39	0.340000	0.502604
40	0.340000	0.412760
41	0.340000	0.602865
42	0.340000	0.739583
43	0.340000	0.015625
44	0.340000	0.582031
45	0.340000	0.647135
46	0.340000	0.602865
47	0.340000	0.432292
48	0.340000	0.542969
49	0.340000	0.610677
50	0.340000	0.631510
51	0.340000	0.579427
52	0.340000	0.574219
53	0.340000	0.563802
54	0.340000	0.518229
55	0.340000	0.730469
56	0.340000	0.555990
57	0.340000	0.686198
58	0.340000	0.467448
59	0.340000	0.432292
60	0.340000	0.647135
61	0.340000	0.449219
62	0.340000	0.605469
63	0.340000	0.601562
64	0.340000	0.595052

1	0.350000	0.555990
2	0.350000	0.566406
3	0.350000	0.507812
4	0.350000	0.442708
5	0.350000	0.549479
6	0.350000	0.385417
7	0.350000	0.596354
8	0.350000	0.669271
9	0.350000	0.015625
10	0.350000	0.643229
11	0.350000	0.611979
12	0.350000	0.490885
13	0.350000	0.451823
14	0.350000	0.493490
15	0.350000	0.473958
16	0.350000	0.580729
17	0.350000	0.627604
18	0.350000	0.544271
19	0.350000	0.541667
20	0.350000	0.518229
21	0.350000	0.658854
22	0.350000	0.583333
23	0.350000	0.700521
24	0.350000	0.414062
25	0.350000	0.494792
26	0.350000	0.394531
27	0.350000	0.481771
28	0.350000	0.500000
29	0.350000	0.570312
30	0.350000	0.585938
31	0.350000	0.360677
32	0.350000	0.000000
33	0.350000	0.453125
34	0.350000	0.687500
35	0.350000	0.563802
36	0.350000	0.571615
37	0.350000	0.679688
38	0.350000	0.502604
39	0.350000	0.466146
40	0.350000	0.395833
41	0.350000	0.587240
42	0.350000	0.703125
43	0.350000	0.015625
44	0.350000	0.536458
45	0.350000	0.606771
46	0.350000	0.567708
47	0.350000	0.393229
48	0.350000	0.511719
49	0.350000	0.567708
50	0.350000	0.625000
51	0.350000	0.536458
52	0.350000	0.558594
53	0.350000	0.539062
54	0.350000	0.510417
55	0.350000	0.664062
56	0.350000	0.531250
57	0.350000	0.669271
58	0.350000	0.414062
59	0.350000	0.393229
60	0.350000	0.591146
61	0.350000	0.372396
62	0.350000	0.539062
63	0.350000	0.569010
64	0.350000	0.571615

1	0.360000	0.516927
2	0.360000	0.509115
3	0.360000	0.490885
4	0.360000	0.440625
5	0.360000	0.510417
6	0.360000	0.258073
7	0.360000	0.566406
8	0.360000	0.615885
9	0.360000	0.015625
10	0.360000	0.598958
11	0.360000	0.578125
12	0.360000	0.465885
13	0.360000	0.451042
14	0.360000	0.473177
15	0.360000	0.479167
16	0.360000	0.527344
17	0.360000	0.591146
18	0.360000	0.507031
19	0.360000	0.497396
20	0.360000	0.511719
21	0.360000	0.634115
22	0.360000	0.510417
23	0.360000	0.661458
24	0.360000	0.341406
25	0.360000	0.447135
26	0.360000	0.380729
27	0.360000	0.418490
28	0.360000	0.480469
29	0.360000	0.566406
30	0.360000	0.562500
31	0.360000	0.317187
32	0.360000	0.000000
33	0.360000	0.380729
34	0.360000	0.653646
35	0.360000	0.555990
36	0.360000	0.548177
37	0.360000	0.600260
38	0.360000	0.438802
39	0.360000	0.394531
40	0.360000	0.355469
41	0.360000	0.557292
42	0.360000	0.658854
43	0.360000	0.015625
44	0.360000	0.505208
45	0.360000	0.572917
46	0.360000	0.528646
47	0.360000	0.389844
48	0.360000	0.473177
49	0.360000	0.536458
50	0.360000	0.566406
51	0.360000	0.500000
52	0.360000	0.510417
53	0.360000	0.511719
54	0.360000	0.501302
55	0.360000	0.627604
56	0.360000	0.523438
57	0.360000	0.625000
58	0.360000	0.383073
59	0.360000	0.389844
60	0.360000	0.569010
61	0.360000	0.339062
62	0.360000	0.511719
63	0.360000	0.546875
64	0.360000	0.565104

1	0.370000	0.490885
2	0.370000	0.470052
3	0.370000	0.480469
4	0.370000	0.418490
5	0.370000	0.471354
6	0.370000	0.253125
7	0.370000	0.535156
8	0.370000	0.587240
9	0.370000	0.015625
10	0.370000	0.580729
11	0.370000	0.554688
12	0.370000	0.454167
13	0.370000	0.438021
14	0.370000	0.429948
15	0.370000	0.403906
16	0.370000	0.497396
17	0.370000	0.572917
18	0.370000	0.457552
19	0.370000	0.470052
20	0.370000	0.460937
21	0.370000	0.587240
22	0.370000	0.505208
23	0.370000	0.625000
24	0.370000	0.320573
25	0.370000	0.398958
26	0.370000	0.362500
27	0.370000	0.405469
28	0.370000	0.457031
29	0.370000	0.561198
30	0.370000	0.546875
31	0.370000	0.304167
32	0.370000	0.000000
33	0.370000	0.374219
34	0.370000	0.625000
35	0.370000	0.535677
36	0.370000	0.525260
37	0.370000	0.584635
38	0.370000	0.425781
39	0.370000	0.381510
40	0.370000	0.346875
41	0.370000	0.539062
42	0.370000	0.640625
43	0.370000	0.015625
44	0.370000	0.486979
45	0.370000	0.554687
46	0.370000	0.498437
47	0.370000	0.382031
48	0.370000	0.455990
49	0.370000	0.519531
50	0.370000	0.537760
51	0.370000	0.468750
52	0.370000	0.486979
53	0.370000	0.500000
54	0.370000	0.483073
55	0.370000	0.610677
56	0.370000	0.490885
57	0.370000	0.583333
58	0.370000	0.320573
59	0.370000	0.382031
60	0.370000	0.529948
61	0.370000	0.311458
62	0.370000	0.480469
63	0.370000	0.531250
64	0.370000	0.536458

1	0.380000	0.457031
2	0.380000	0.450521
3	0.380000	0.470052
4	0.380000	0.409375
5	0.380000	0.433594
6	0.380000	0.275260
7	0.380000	0.524740
8	0.380000	0.583333
9	0.380000	0.015625
10	0.380000	0.516927
11	0.380000	0.555990
12	0.380000	0.429948
13	0.380000	0.435417
14	0.380000	0.437760
15	0.380000	0.405208
16	0.380000	0.501302
17	0.380000	0.535156
18	0.380000	0.444010
19	0.380000	0.398958
20	0.380000	0.458333
21	0.380000	0.569010
22	0.380000	0.490885
23	0.380000	0.604167
24	0.380000	0.318490
25	0.380000	0.396354
26	0.380000	0.357292
27	0.380000	0.385937
28	0.380000	0.453125
29	0.380000	0.553385
30	0.380000	0.537760
31	0.380000	0.300781
32	0.380000	0.000000
33	0.380000	0.370312
34	0.380000	0.598958
35	0.380000	0.535156
36	0.380000	0.529167
37	0.380000	0.576823
38	0.380000	0.424479
39	0.380000	0.377604
40	0.380000	0.389844
41	0.380000	0.528646
42	0.380000	0.617188
43	0.380000	0.015625
44	0.380000	0.462240
45	0.380000	0.536458
46	0.380000	0.489844
47	0.380000	0.380729
48	0.380000	0.458594
49	0.380000	0.437760
50	0.380000	0.513021
51	0.380000	0.438802
52	0.380000	0.476562
53	0.380000	0.462240
54	0.380000	0.477865
55	0.380000	0.597656
56	0.380000	0.475260
57	0.380000	0.558594
58	0.380000	0.318490
59	0.380000	0.341927
60	0.380000	0.513021
61	0.380000	0.309896
62	0.380000	0.476562
63	0.380000	0.518229
64	0.380000	0.516927

1	0.390000	0.445052
2	0.390000	0.425781
3	0.390000	0.432292
4	0.390000	0.407292
5	0.390000	0.337760
6	0.390000	0.235045
7	0.390000	0.494792
8	0.390000	0.567708
9	0.390000	0.015625
10	0.390000	0.496094
11	0.390000	0.536458
12	0.390000	0.420052
13	0.390000	0.413802
14	0.390000	0.404948
15	0.390000	0.384115
16	0.390000	0.469271
17	0.390000	0.520833
18	0.390000	0.433333
19	0.390000	0.375000
20	0.390000	0.441406
21	0.390000	0.558594
22	0.390000	0.461458
23	0.390000	0.555990
24	0.390000	0.307031
25	0.390000	0.352344
26	0.390000	0.265885
27	0.390000	0.360156
28	0.390000	0.428906
29	0.390000	0.494010
30	0.390000	0.502604
31	0.390000	0.309115
32	0.390000	0.000000
33	0.390000	0.369531
34	0.390000	0.566406
35	0.390000	0.490104
36	0.390000	0.496094
37	0.390000	0.545573
38	0.390000	0.419010
39	0.390000	0.355990
40	0.390000	0.313021
41	0.390000	0.479687
42	0.390000	0.584635
43	0.390000	0.015625
44	0.390000	0.445833
45	0.390000	0.501302
46	0.390000	0.482552
47	0.390000	0.336458
48	0.390000	0.433594
49	0.390000	0.423177
50	0.390000	0.507812
51	0.390000	0.418490
52	0.390000	0.457552
53	0.390000	0.397656
54	0.390000	0.468750
55	0.390000	0.582031
56	0.390000	0.445312
57	0.390000	0.535156
58	0.390000	0.307031
59	0.390000	0.336458
60	0.390000	0.384115
61	0.390000	0.290253
62	0.390000	0.452344
63	0.390000	0.490104
64	0.390000	0.470573

1	0.400000	0.400781
2	0.400000	0.409375
3	0.400000	0.401562
4	0.400000	0.432812
5	0.400000	0.319271
6	0.400000	0.015625
7	0.400000	0.466146
8	0.400000	0.531250
9	0.400000	0.015625
10	0.400000	0.448958
11	0.400000	0.489583
12	0.400000	0.370573
13	0.400000	0.407292
14	0.400000	0.402083
15	0.400000	0.370573
16	0.400000	0.458854
17	0.400000	0.484375
18	0.400000	0.379167
19	0.400000	0.365625
20	0.400000	0.429687
21	0.400000	0.559896
22	0.400000	0.427604
23	0.400000	0.513021
24	0.400000	0.224107
25	0.400000	0.286198
26	0.400000	0.256771
27	0.400000	0.340625
28	0.400000	0.414583
29	0.400000	0.442448
30	0.400000	0.482292
31	0.400000	0.317448
32	0.400000	0.000000
33	0.400000	0.356510
34	0.400000	0.523438
35	0.400000	0.458333
36	0.400000	0.488281
37	0.400000	0.536458
38	0.400000	0.416406
39	0.400000	0.343490
40	0.400000	0.015625
41	0.400000	0.454427
42	0.400000	0.519531
43	0.400000	0.015625
44	0.400000	0.398177
45	0.400000	0.477865
46	0.400000	0.454167
47	0.400000	0.355208
48	0.400000	0.430208
49	0.400000	0.420312
50	0.400000	0.481771
51	0.400000	0.398177
52	0.400000	0.415885
53	0.400000	0.364323
54	0.400000	0.437500
55	0.400000	0.572917
56	0.400000	0.424479
57	0.400000	0.515625
58	0.400000	0.296094
59	0.400000	0.330469
60	0.400000	0.370573
61	0.400000	0.286607
62	0.400000	0.425000
63	0.400000	0.467448
64	0.400000	0.467969

1	0.410000	0.396094
2	0.410000	0.361458
3	0.410000	0.311198
4	0.410000	0.378646
5	0.410000	0.303385
6	0.410000	0.015625
7	0.410000	0.434896
8	0.410000	0.500000
9	0.410000	0.015625
10	0.410000	0.435937
11	0.410000	0.455729
12	0.410000	0.340885
13	0.410000	0.376302
14	0.410000	0.379948
15	0.410000	0.340885
16	0.410000	0.425521
17	0.410000	0.419271
18	0.410000	0.368750
19	0.410000	0.356510
20	0.410000	0.420573
21	0.410000	0.501302
22	0.410000	0.379948
23	0.410000	0.498698
24	0.410000	0.218155
25	0.410000	0.269048
26	0.410000	0.243676
27	0.410000	0.339844
28	0.410000	0.394792
29	0.410000	0.443750
30	0.410000	0.448437
31	0.410000	0.282292
32	0.410000	0.000000
33	0.410000	0.338802
34	0.410000	0.475260
35	0.410000	0.431250
36	0.410000	0.423437
37	0.410000	0.503646
38	0.410000	0.395573
39	0.410000	0.333073
40	0.410000	0.015625
41	0.410000	0.419010
42	0.410000	0.488281
43	0.410000	0.015625
44	0.410000	0.386458
45	0.410000	0.411198
46	0.410000	0.424219
47	0.410000	0.321615
48	0.410000	0.407292
49	0.410000	0.356510
50	0.410000	0.442969
51	0.410000	0.386458
52	0.410000	0.408073
53	0.410000	0.344792
54	0.410000	0.423177
55	0.410000	0.550781
56	0.410000	0.401042
57	0.410000	0.464583
58	0.410000	0.286458
59	0.410000	0.295312
60	0.410000	0.348698
61	0.410000	0.276860
62	0.410000	0.405208
63	0.410000	0.464844
64	0.410000	0.416927

1	0.420000	0.389583
2	0.420000	0.330729
3	0.420000	0.255097
4	0.420000	0.350260
5	0.420000	0.275037
6	0.420000	0.015625
7	0.420000	0.405469
8	0.420000	0.460937
9	0.420000	0.015625
10	0.420000	0.402865
11	0.420000	0.438021
12	0.420000	0.338430
13	0.420000	0.347917
14	0.420000	0.372656
15	0.420000	0.330618
16	0.420000	0.390885
17	0.420000	0.372917
18	0.420000	0.391667
19	0.420000	0.334896
20	0.420000	0.366927
21	0.420000	0.463802
22	0.420000	0.371615
23	0.420000	0.473698
24	0.420000	0.214900
25	0.420000	0.204185
26	0.420000	0.241983
27	0.420000	0.269196
28	0.420000	0.352344
29	0.420000	0.415625
30	0.420000	0.425521
31	0.420000	0.255097
32	0.420000	0.000000
33	0.420000	0.309635
34	0.420000	0.445833
35	0.420000	0.426823
36	0.420000	0.390885
37	0.420000	0.490885
38	0.420000	0.319159
39	0.420000	0.208445
40	0.420000	0.015625
41	0.420000	0.408073
42	0.420000	0.456771
43	0.420000	0.015625
44	0.420000	0.372917
45	0.420000	0.400260
46	0.420000	0.386086
47	0.420000	0.303534
48	0.420000	0.364844
49	0.420000	0.354055
50	0.420000	0.439583
51	0.420000	0.361198
52	0.420000	0.391667
53	0.420000	0.314844
54	0.420000	0.380729
55	0.420000	0.511458
56	0.420000	0.316964
57	0.420000	0.429427
58	0.420000	0.281399
59	0.420000	0.277232
60	0.420000	0.346243
61	0.420000	0.242653
62	0.420000	0.396094
63	0.420000	0.448437
64	0.420000	0.403385

1	0.430000	0.340365
2	0.430000	0.322135
3	0.430000	0.252381
4	0.430000	0.338281
5	0.430000	0.264509
6	0.430000	0.015625
7	0.430000	0.370833
8	0.430000	0.429687
9	0.430000	0.015625
10	0.430000	0.391927
11	0.430000	0.426302
12	0.430000	0.329576
13	0.430000	0.344531
14	0.430000	0.349628
15	0.430000	0.301451
16	0.430000	0.389062
17	0.430000	0.356771
18	0.430000	0.354167
19	0.430000	0.315625
20	0.430000	0.332812
21	0.430000	0.440885
22	0.430000	0.367187
23	0.430000	0.462500
24	0.430000	0.214379
25	0.430000	0.203032
26	0.430000	0.231083
27	0.430000	0.267374
28	0.430000	0.338021
29	0.430000	0.406510
30	0.430000	0.411198
31	0.430000	0.252381
32	0.430000	0.000000
33	0.430000	0.303906
34	0.430000	0.426823
35	0.430000	0.413802
36	0.430000	0.390365
37	0.430000	0.489583
38	0.430000	0.316443
39	0.430000	0.203999
40	0.430000	0.015625
41	0.430000	0.406771
42	0.430000	0.448437
43	0.430000	0.015625
44	0.430000	0.364583
45	0.430000	0.398958
46	0.430000	0.417969
47	0.430000	0.300818
48	0.430000	0.360417
49	0.430000	0.367857
50	0.430000	0.428385
51	0.430000	0.300707
52	0.430000	0.388281
53	0.430000	0.315625
54	0.430000	0.365625
55	0.430000	0.504167
56	0.430000	0.300707
57	0.430000	0.418229
58	0.430000	0.279836
59	0.430000	0.246057
60	0.430000	0.317894
61	0.430000	0.240848
62	0.430000	0.389583
63	0.430000	0.422396
64	0.430000	0.384375

1	0.440000	0.338802
2	0.440000	0.297396
3	0.440000	0.226643
4	0.440000	0.298010
5	0.440000	0.274368
6	0.440000	0.015625
7	0.440000	0.367448
8	0.440000	0.371875
9	0.440000	0.015625
10	0.440000	0.305432
11	0.440000	0.413281
12	0.440000	0.292150
13	0.440000	0.322284
14	0.440000	0.299963
15	0.440000	0.284338
16	0.440000	0.356696
17	0.440000	0.320536
18	0.440000	0.341667
19	0.440000	0.305729
20	0.440000	0.305208
21	0.440000	0.429687
22	0.440000	0.328348
23	0.440000	0.401562
24	0.440000	0.201935
25	0.440000	0.193886
26	0.440000	0.188108
27	0.440000	0.253888
28	0.440000	0.329948
29	0.440000	0.355990
30	0.440000	0.378646
31	0.440000	0.226643
32	0.440000	0.000000
33	0.440000	0.260249
34	0.440000	0.378125
35	0.440000	0.388802
36	0.440000	0.380990
37	0.440000	0.471094
38	0.440000	0.296708
39	0.440000	0.210621
40	0.440000	0.015625
41	0.440000	0.403385
42	0.440000	0.382292
43	0.440000	0.015625
44	0.440000	0.254408
45	0.440000	0.362760
46	0.440000	0.310379
47	0.440000	0.281083
48	0.440000	0.333259
49	0.440000	0.326004
50	0.440000	0.395052
51	0.440000	0.262221
52	0.440000	0.385156
53	0.440000	0.305729
54	0.440000	0.278795
55	0.440000	0.490885
56	0.440000	0.246596
57	0.440000	0.382031
58	0.440000	0.261049
59	0.440000	0.232819
60	0.440000	0.245554
61	0.440000	0.227610
62	0.440000	0.357292
63	0.440000	0.409896
64	0.440000	0.383073

1	0.450000	0.304074
2	0.450000	0.281938
3	0.450000	0.213256
4	0.450000	0.282664
5	0.450000	0.015625
6	0.450000	0.015625
7	0.450000	0.286086
8	0.450000	0.348958
9	0.450000	0.000000
10	0.450000	0.235038
11	0.450000	0.360156
12	0.450000	0.272662
13	0.450000	0.237996
14	0.450000	0.272662
15	0.450000	0.264850
16	0.450000	0.337816
17	0.450000	0.287897
18	0.450000	0.315253
19	0.450000	0.288969
20	0.450000	0.286719
21	0.450000	0.395461
22	0.450000	0.242851
23	0.450000	0.346522
24	0.450000	0.192330
25	0.450000	0.157169
26	0.450000	0.177121
27	0.450000	0.201786
28	0.450000	0.268545
29	0.450000	0.314062
30	0.450000	0.349126
31	0.450000	0.242764
32	0.450000	0.000000
33	0.450000	0.288709
34	0.450000	0.353795
35	0.450000	0.375149
36	0.450000	0.364732
37	0.450000	0.430618
38	0.450000	0.270672
39	0.450000	0.015625
40	0.450000	0.015625
41	0.450000	0.384263
42	0.450000	0.348958
43	0.450000	0.000000
44	0.450000	0.235038
45	0.450000	0.346503
46	0.450000	0.283079
47	0.450000	0.243204
48	0.450000	0.314379
49	0.450000	0.306517
50	0.450000	0.365160
51	0.450000	0.242851
52	0.450000	0.349888
53	0.450000	0.216282
54	0.450000	0.271912
55	0.450000	0.431920
56	0.450000	0.189026
57	0.450000	0.332199
58	0.450000	0.248053
59	0.450000	0.217274
60	0.450000	0.231380
61	0.450000	0.201786
62	0.450000	0.337407
63	0.450000	0.360937
64	0.450000	0.360305

1	0.460000	0.257298
2	0.460000	0.267243
3	0.460000	0.183916
4	0.460000	0.244475
5	0.460000	0.015625
6	0.460000	0.015625
7	0.460000	0.242975
8	0.460000	0.310677
9	0.460000	0.000000
10	0.460000	0.070312
11	0.460000	0.289329
12	0.460000	0.234381
13	0.460000	0.208656
14	0.460000	0.234381
15	0.460000	0.238287
16	0.460000	0.293806
17	0.460000	0.070312
18	0.460000	0.234952
19	0.460000	0.015625
20	0.460000	0.257813
21	0.460000	0.325670
22	0.460000	0.078125
23	0.460000	0.249795
24	0.460000	0.160863
25	0.460000	0.137153
26	0.460000	0.153535
27	0.460000	0.177982
28	0.460000	0.232868
29	0.460000	0.234952
30	0.460000	0.306306
31	0.460000	0.164906
32	0.460000	0.000000
33	0.460000	0.222340
34	0.460000	0.308743
35	0.460000	0.289329
36	0.460000	0.298965
37	0.460000	0.325316
38	0.460000	0.224281
39	0.460000	0.015625
40	0.460000	0.015625
41	0.460000	0.321931
42	0.460000	0.310677
43	0.460000	0.000000
44	0.460000	0.070312
45	0.460000	0.273704
46	0.460000	0.246100
47	0.460000	0.213864
48	0.460000	0.270368
49	0.460000	0.264329
50	0.460000	0.330525
51	0.460000	0.078125
52	0.460000	0.250787
53	0.460000	0.015625
54	0.460000	0.239211
55	0.460000	0.379836
56	0.460000	0.054688
57	0.460000	0.258079
58	0.460000	0.206665
59	0.460000	0.181889
60	0.460000	0.196670
61	0.460000	0.177982
62	0.460000	0.277139
63	0.460000	0.304173
64	0.460000	0.311514

1	0.470000	0.258259
2	0.470000	0.256436
3	0.470000	0.173958
4	0.470000	0.221949
5	0.470000	0.015625
6	0.470000	0.015625
7	0.470000	0.209673
8	0.470000	0.285417
9	0.470000	0.000000
10	0.470000	0.062500
11	0.470000	0.270083
12	0.470000	0.216698
13	0.470000	0.198698
14	0.470000	0.216698
15	0.470000	0.216698
16	0.470000	0.276749
17	0.470000	0.070312
18	0.470000	0.222693
19	0.470000	0.015625
20	0.470000	0.230990
21	0.470000	0.291704
22	0.470000	0.070312
23	0.470000	0.201073
24	0.470000	0.015625
25	0.470000	0.129719
26	0.470000	0.015625
27	0.470000	0.169482
28	0.470000	0.174250
29	0.470000	0.214881
30	0.470000	0.285082
31	0.470000	0.154948
32	0.470000	0.000000
33	0.470000	0.210231
34	0.470000	0.233110
35	0.470000	0.256281
36	0.470000	0.271906
37	0.470000	0.278571
38	0.470000	0.214323
39	0.470000	0.015625
40	0.470000	0.015625
41	0.470000	0.248214
42	0.470000	0.266964
43	0.470000	0.000000
44	0.470000	0.070312
45	0.470000	0.254458
46	0.470000	0.224510
47	0.470000	0.173388
48	0.470000	0.224510
49	0.470000	0.232323
50	0.470000	0.305915
51	0.470000	0.078125
52	0.470000	0.228937
53	0.470000	0.015625
54	0.470000	0.219531
55	0.470000	0.337277
56	0.470000	0.054688
57	0.470000	0.234301
58	0.470000	0.015625
59	0.470000	0.173388
60	0.470000	0.015625
61	0.470000	0.148729
62	0.470000	0.240811
63	0.470000	0.288312
64	0.470000	0.292894

1	0.480000	0.204675
2	0.480000	0.186967
3	0.480000	0.181045
4	0.480000	0.203181
5	0.480000	0.015625
6	0.480000	0.015625
7	0.480000	0.203206
8	0.480000	0.275260
9	0.480000	0.000000
10	0.480000	0.062500
11	0.480000	0.272935
12	0.480000	0.214528
13	0.480000	0.206696
14	0.480000	0.214528
15	0.480000	0.178633
16	0.480000	0.245778
17	0.480000	0.070312
18	0.480000	0.225601
19	0.480000	0.015625
20	0.480000	0.216146
21	0.480000	0.263021
22	0.480000	0.062500
23	0.480000	0.214993
24	0.480000	0.015625
25	0.480000	0.124678
26	0.480000	0.015625
27	0.480000	0.153609
28	0.480000	0.184524
29	0.480000	0.213883
30	0.480000	0.222340
31	0.480000	0.157571
32	0.480000	0.000000
33	0.480000	0.214249
34	0.480000	0.233854
35	0.480000	0.245257
36	0.480000	0.238746
37	0.480000	0.287128
38	0.480000	0.247321
39	0.480000	0.015625
40	0.480000	0.015625
41	0.480000	0.221695
42	0.480000	0.254948
43	0.480000	0.000000
44	0.480000	0.062500
45	0.480000	0.257310
46	0.480000	0.222340
47	0.480000	0.232292
48	0.480000	0.222340
49	0.480000	0.230153
50	0.480000	0.292076
51	0.480000	0.078125
52	0.480000	0.232236
53	0.480000	0.015625
54	0.480000	0.197917
55	0.480000	0.327604
56	0.480000	0.054688
57	0.480000	0.236086
58	0.480000	0.015625
59	0.480000	0.227604
60	0.480000	0.015625
61	0.480000	0.182440
62	0.480000	0.255990
63	0.480000	0.255549
64	0.480000	0.277753

1	0.490000	0.209072
2	0.490000	0.175410
3	0.490000	0.135745
4	0.490000	0.183352
5	0.490000	0.015625
6	0.490000	0.015625
7	0.490000	0.166276
8	0.490000	0.248369
9	0.490000	0.000000
10	0.490000	0.062500
11	0.490000	0.231139
12	0.490000	0.156212
13	0.490000	0.159183
14	0.490000	0.183594
15	0.490000	0.156212
16	0.490000	0.214844
17	0.490000	0.070312
18	0.490000	0.194681
19	0.490000	0.015625
20	0.490000	0.203144
21	0.490000	0.192926
22	0.490000	0.062500
23	0.490000	0.015625
24	0.490000	0.015625
25	0.490000	0.094821
26	0.490000	0.000000
27	0.490000	0.115336
28	0.490000	0.148381
29	0.490000	0.194681
30	0.490000	0.192597
31	0.490000	0.140011
32	0.490000	0.000000
33	0.490000	0.184077
34	0.490000	0.217405
35	0.490000	0.247997
36	0.490000	0.224176
37	0.490000	0.192913
38	0.490000	0.171683
39	0.490000	0.015625
40	0.490000	0.015625
41	0.490000	0.194681
42	0.490000	0.223518
43	0.490000	0.000000
44	0.490000	0.062500
45	0.490000	0.215514
46	0.490000	0.191407
47	0.490000	0.147842
48	0.490000	0.191407
49	0.490000	0.199219
50	0.490000	0.237197
51	0.490000	0.078125
52	0.490000	0.197285
53	0.490000	0.015625
54	0.490000	0.185045
55	0.490000	0.236539
56	0.490000	0.054688
57	0.490000	0.015625
58	0.490000	0.015625
59	0.490000	0.151749
60	0.490000	0.000000
61	0.490000	0.130819
62	0.490000	0.198289
63	0.490000	0.252822
64	0.490000	0.216518

1	0.500000	0.175050
2	0.500000	0.185753
3	0.500000	0.123738
4	0.500000	0.168348
5	0.500000	0.015625
6	0.500000	0.015625
7	0.500000	0.170128
8	0.500000	0.209673
9	0.500000	0.000000
10	0.500000	0.062500
11	0.500000	0.229136
12	0.500000	0.141308
13	0.500000	0.145873
14	0.500000	0.165222
15	0.500000	0.128287
16	0.500000	0.191264
17	0.500000	0.070312
18	0.500000	0.176638
19	0.500000	0.015625
20	0.500000	0.177697
21	0.500000	0.171608
22	0.500000	0.062500
23	0.500000	0.015625
24	0.500000	0.015625
25	0.500000	0.000000
26	0.500000	0.000000
27	0.500000	0.000000
28	0.500000	0.145083
29	0.500000	0.176638
30	0.500000	0.172446
31	0.500000	0.127202
32	0.500000	0.000000
33	0.500000	0.167870
34	0.500000	0.188188
35	0.500000	0.185467
36	0.500000	0.185467
37	0.500000	0.201073
38	0.500000	0.156290
39	0.500000	0.015625
40	0.500000	0.015625
41	0.500000	0.180544
42	0.500000	0.173958
43	0.500000	0.000000
44	0.500000	0.062500
45	0.500000	0.210907
46	0.500000	0.175639
47	0.500000	0.133652
48	0.500000	0.165222
49	0.500000	0.175639
50	0.500000	0.215879
51	0.500000	0.078125
52	0.500000	0.164634
53	0.500000	0.015625
54	0.500000	0.165780
55	0.500000	0.205208
56	0.500000	0.054688
57	0.500000	0.015625
58	0.500000	0.015625
59	0.500000	0.133652
60	0.500000	0.000000
61	0.500000	0.103191
62	0.500000	0.193068
63	0.500000	0.219607
64	0.500000	0.167814

1	0.510000	0.113281
2	0.510000	0.086458
3	0.510000	0.058594
4	0.510000	0.091146
5	0.510000	0.015625
6	0.510000	0.015625
7	0.510000	0.000000
8	0.510000	0.096280
9	0.510000	0.000000
10	0.510000	0.095871
11	0.510000	0.125000
12	0.510000	0.093490
13	0.510000	0.072917
14	0.510000	0.125260
15	0.510000	0.096615
16	0.510000	0.144531
17	0.510000	0.095871
18	0.510000	0.109375
19	0.510000	0.015625
20	0.510000	0.015625
21	0.510000	0.115104
22	0.510000	0.102083
23	0.510000	0.015625
24	0.510000	0.015625
25	0.510000	0.000000
26	0.510000	0.000000
27	0.510000	0.000000
28	0.510000	0.023438
29	0.510000	0.109375
30	0.510000	0.094271
31	0.510000	0.050000
32	0.510000	0.000000
33	0.510000	0.069010
34	0.510000	0.023438
35	0.510000	0.130208
36	0.510000	0.121094
37	0.510000	0.090885
38	0.510000	0.083333
39	0.510000	0.015625
40	0.510000	0.015625
41	0.510000	0.101562
42	0.510000	0.096280
43	0.510000	0.000000
44	0.510000	0.095871
45	0.510000	0.117187
46	0.510000	0.138021
47	0.510000	0.076823
48	0.510000	0.109896
49	0.510000	0.144531
50	0.510000	0.164323
51	0.510000	0.115365
52	0.510000	0.091146
53	0.510000	0.015625
54	0.510000	0.015625
55	0.510000	0.130729
56	0.510000	0.115625
57	0.510000	0.015625
58	0.510000	0.015625
59	0.510000	0.076823
60	0.510000	0.000000
61	0.510000	0.052604
62	0.510000	0.031250
63	0.510000	0.151042
64	0.510000	0.105469

1	0.520000	0.104167
2	0.520000	0.085677
3	0.520000	0.058594
4	0.520000	0.091146
5	0.520000	0.015625
6	0.520000	0.000000
7	0.520000	0.000000
8	0.520000	0.087760
9	0.520000	0.000000
10	0.520000	0.046875
11	0.520000	0.117187
12	0.520000	0.082031
13	0.520000	0.072917
14	0.520000	0.104167
15	0.520000	0.082031
16	0.520000	0.127604
17	0.520000	0.046875
18	0.520000	0.075260
19	0.520000	0.015625
20	0.520000	0.015625
21	0.520000	0.105469
22	0.520000	0.015625
23	0.520000	0.092448
24	0.520000	0.015625
25	0.520000	0.000000
26	0.520000	0.000000
27	0.520000	0.000000
28	0.520000	0.023438
29	0.520000	0.109375
30	0.520000	0.085677
31	0.520000	0.050000
32	0.520000	0.000000
33	0.520000	0.069010
34	0.520000	0.023438
35	0.520000	0.127604
36	0.520000	0.119792
37	0.520000	0.088281
38	0.520000	0.083333
39	0.520000	0.015625
40	0.520000	0.000000
41	0.520000	0.098958
42	0.520000	0.087760
43	0.520000	0.000000
44	0.520000	0.046875
45	0.520000	0.114583
46	0.520000	0.125000
47	0.520000	0.076823
48	0.520000	0.106771
49	0.520000	0.125000
50	0.520000	0.153646
51	0.520000	0.046875
52	0.520000	0.088542
53	0.520000	0.015625
54	0.520000	0.015625
55	0.520000	0.121094
56	0.520000	0.015625
57	0.520000	0.072656
58	0.520000	0.015625
59	0.520000	0.076823
60	0.520000	0.000000
61	0.520000	0.052604
62	0.520000	0.031250
63	0.520000	0.143229
64	0.520000	0.104167

1	0.530000	0.109375
2	0.530000	0.089323
3	0.530000	0.058594
4	0.530000	0.091146
5	0.530000	0.015625
6	0.530000	0.000000
7	0.530000	0.000000
8	0.530000	0.070052
9	0.530000	0.000000
10	0.530000	0.046875
11	0.530000	0.122396
12	0.530000	0.070052
13	0.530000	0.072917
14	0.530000	0.085937
15	0.530000	0.070052
16	0.530000	0.098958
17	0.530000	0.046875
18	0.530000	0.081771
19	0.530000	0.015625
20	0.530000	0.015625
21	0.530000	0.096354
22	0.530000	0.015625
23	0.530000	0.015625
24	0.530000	0.015625
25	0.530000	0.000000
26	0.530000	0.000000
27	0.530000	0.000000
28	0.530000	0.079167
29	0.530000	0.117187
30	0.530000	0.078906
31	0.530000	0.050000
32	0.530000	0.000000
33	0.530000	0.069010
34	0.530000	0.000000
35	0.530000	0.138021
36	0.530000	0.119792
37	0.530000	0.085677
38	0.530000	0.083333
39	0.530000	0.015625
40	0.530000	0.000000
41	0.530000	0.109375
42	0.530000	0.070052
43	0.530000	0.000000
44	0.530000	0.046875
45	0.530000	0.127604
46	0.530000	0.106771
47	0.530000	0.076823
48	0.530000	0.085937
49	0.530000	0.106771
50	0.530000	0.127604
51	0.530000	0.046875
52	0.530000	0.098958
53	0.530000	0.015625
54	0.530000	0.015625
55	0.530000	0.088542
56	0.530000	0.015625
57	0.530000	0.015625
58	0.530000	0.015625
59	0.530000	0.076823
60	0.530000	0.000000
61	0.530000	0.052604
62	0.530000	0.085677
63	0.530000	0.158854
64	0.530000	0.111979

1	0.540000	0.087240
2	0.540000	0.081510
3	0.540000	0.058594
4	0.540000	0.091146
5	0.540000	0.015625
6	0.540000	0.000000
7	0.540000	0.000000
8	0.540000	0.064323
9	0.540000	0.000000
10	0.540000	0.046875
11	0.540000	0.089583
12	0.540000	0.015625
13	0.540000	0.072917
14	0.540000	0.052604
15	0.540000	0.058594
16	0.540000	0.069010
17	0.540000	0.046875
18	0.540000	0.071354
19	0.540000	0.015625
20	0.540000	0.015625
21	0.540000	0.051042
22	0.540000	0.015625
23	0.540000	0.015625
24	0.540000	0.015625
25	0.540000	0.000000
26	0.540000	0.000000
27	0.540000	0.000000
28	0.540000	0.015625
29	0.540000	0.102083
30	0.540000	0.061458
31	0.540000	0.050000
32	0.540000	0.000000
33	0.540000	0.069010
34	0.540000	0.000000
35	0.540000	0.111979
36	0.540000	0.101562
37	0.540000	0.075260
38	0.540000	0.083333
39	0.540000	0.015625
40	0.540000	0.000000
41	0.540000	0.075260
42	0.540000	0.064323
43	0.540000	0.000000
44	0.540000	0.046875
45	0.540000	0.112500
46	0.540000	0.015625
47	0.540000	0.076823
48	0.540000	0.071615
49	0.540000	0.085938
50	0.540000	0.091146
51	0.540000	0.046875
52	0.540000	0.081250
53	0.540000	0.015625
54	0.540000	0.015625
55	0.540000	0.082031
56	0.540000	0.015625
57	0.540000	0.015625
58	0.540000	0.015625
59	0.540000	0.076823
60	0.540000	0.000000
61	0.540000	0.052604
62	0.540000	0.015625
63	0.540000	0.123698
64	0.540000	0.081510

1	0.550000	0.039062
2	0.550000	0.039062
3	0.550000	0.076711
4	0.550000	0.113802
5	0.550000	0.000000
6	0.550000	0.000000
7	0.550000	0.000000
8	0.550000	0.039062
9	0.550000	0.000000
10	0.550000	0.046875
11	0.550000	0.078385
12	0.550000	0.015625
13	0.550000	0.099479
14	0.550000	0.028646
15	0.550000	0.015625
16	0.550000	0.028646
17	0.550000	0.046875
18	0.550000	0.060472
19	0.550000	0.015625
20	0.550000	0.015625
21	0.550000	0.031250
22	0.550000	0.015625
23	0.550000	0.015625
24	0.550000	0.015625
25	0.550000	0.000000
26	0.550000	0.000000
27	0.550000	0.000000
28	0.550000	0.015625
29	0.550000	0.078795
30	0.550000	0.015625
31	0.550000	0.065123
32	0.550000	0.000000
33	0.550000	0.087128
34	0.550000	0.000000
35	0.550000	0.039062
36	0.550000	0.039062
37	0.550000	0.078385
38	0.550000	0.113802
39	0.550000	0.000000
40	0.550000	0.000000
41	0.550000	0.066815
42	0.550000	0.039062
43	0.550000	0.000000
44	0.550000	0.046875
45	0.550000	0.116406
46	0.550000	0.015625
47	0.550000	0.114583
48	0.550000	0.039062
49	0.550000	0.015625
50	0.550000	0.039062
51	0.550000	0.046875
52	0.550000	0.000000
53	0.550000	0.015625
54	0.550000	0.015625
55	0.550000	0.046875
56	0.550000	0.015625
57	0.550000	0.015625
58	0.550000	0.015625
59	0.550000	0.089063
60	0.550000	0.000000
61	0.550000	0.000000
62	0.550000	0.015625
63	0.550000	0.092708
64	0.550000	0.015625

1	0.560000	0.039062
2	0.560000	0.039062
3	0.560000	0.040365
4	0.560000	0.059896
5	0.560000	0.000000
6	0.560000	0.000000
7	0.560000	0.000000
8	0.560000	0.067708
9	0.560000	0.000000
10	0.560000	0.061198
11	0.560000	0.048177
12	0.560000	0.015625
13	0.560000	0.054688
14	0.560000	0.015625
15	0.560000	0.015625
16	0.560000	0.015625
17	0.560000	0.072917
18	0.560000	0.040365
19	0.560000	0.015625
20	0.560000	0.015625
21	0.560000	0.049479
22	0.560000	0.000000
23	0.560000	0.015625
24	0.560000	0.015625
25	0.560000	0.000000
26	0.560000	0.000000
27	0.560000	0.000000
28	0.560000	0.015625
29	0.560000	0.054688
30	0.560000	0.015625
31	0.560000	0.000000
32	0.560000	0.000000
33	0.560000	0.000000
34	0.560000	0.000000
35	0.560000	0.039062
36	0.560000	0.039062
37	0.560000	0.048177
38	0.560000	0.054688
39	0.560000	0.000000
40	0.560000	0.000000
41	0.560000	0.048177
42	0.560000	0.065104
43	0.560000	0.000000
44	0.560000	0.071615
45	0.560000	0.075521
46	0.560000	0.015625
47	0.560000	0.059896
48	0.560000	0.015625
49	0.560000	0.015625
50	0.560000	0.015625
51	0.560000	0.065104
52	0.560000	0.000000
53	0.560000	0.015625
54	0.560000	0.015625
55	0.560000	0.072917
56	0.560000	0.000000
57	0.560000	0.015625
58	0.560000	0.015625
59	0.560000	0.040365
60	0.560000	0.000000
61	0.560000	0.000000
62	0.560000	0.015625
63	0.560000	0.062500
64	0.560000	0.015625

1	0.570000	0.028646
2	0.570000	0.028646
3	0.570000	0.043490
4	0.570000	0.063802
5	0.570000	0.000000
6	0.570000	0.000000
7	0.570000	0.000000
8	0.570000	0.039062
9	0.570000	0.000000
10	0.570000	0.039062
11	0.570000	0.023438
12	0.570000	0.015625
13	0.570000	0.059896
14	0.570000	0.015625
15	0.570000	0.015625
16	0.570000	0.015625
17	0.570000	0.046875
18	0.570000	0.015625
19	0.570000	0.015625
20	0.570000	0.015625
21	0.570000	0.031250
22	0.570000	0.000000
23	0.570000	0.015625
24	0.570000	0.015625
25	0.570000	0.000000
26	0.570000	0.000000
27	0.570000	0.000000
28	0.570000	0.015625
29	0.570000	0.055990
30	0.570000	0.015625
31	0.570000	0.000000
32	0.570000	0.000000
33	0.570000	0.000000
34	0.570000	0.000000
35	0.570000	0.039062
36	0.570000	0.039062
37	0.570000	0.000000
38	0.570000	0.059896
39	0.570000	0.000000
40	0.570000	0.000000
41	0.570000	0.023438
42	0.570000	0.039062
43	0.570000	0.000000
44	0.570000	0.046875
45	0.570000	0.031250
46	0.570000	0.015625
47	0.570000	0.067708
48	0.570000	0.015625
49	0.570000	0.015625
50	0.570000	0.015625
51	0.570000	0.039062
52	0.570000	0.000000
53	0.570000	0.015625
54	0.570000	0.015625
55	0.570000	0.046875
56	0.570000	0.000000
57	0.570000	0.015625
58	0.570000	0.015625
59	0.570000	0.015625
60	0.570000	0.000000
61	0.570000	0.000000
62	0.570000	0.015625
63	0.570000	0.040885
64	0.570000	0.015625

1	0.580000	0.015625
2	0.580000	0.015625
3	0.580000	0.032552
4	0.580000	0.044271
5	0.580000	0.000000
6	0.580000	0.000000
7	0.580000	0.000000
8	0.580000	0.039062
9	0.580000	0.000000
10	0.580000	0.039062
11	0.580000	0.015625
12	0.580000	0.015625
13	0.580000	0.032552
14	0.580000	0.015625
15	0.580000	0.015625
16	0.580000	0.015625
17	0.580000	0.046875
18	0.580000	0.023438
19	0.580000	0.015625
20	0.580000	0.015625
21	0.580000	0.031250
22	0.580000	0.000000
23	0.580000	0.015625
24	0.580000	0.015625
25	0.580000	0.000000
26	0.580000	0.000000
27	0.580000	0.000000
28	0.580000	0.015625
29	0.580000	0.031250
30	0.580000	0.015625
31	0.580000	0.000000
32	0.580000	0.000000
33	0.580000	0.000000
34	0.580000	0.000000
35	0.580000	0.015625
36	0.580000	0.015625
37	0.580000	0.000000
38	0.580000	0.046875
39	0.580000	0.000000
40	0.580000	0.000000
41	0.580000	0.000000
42	0.580000	0.039062
43	0.580000	0.000000
44	0.580000	0.046875
45	0.580000	0.015625
46	0.580000	0.015625
47	0.580000	0.044271
48	0.580000	0.015625
49	0.580000	0.015625
50	0.580000	0.015625
51	0.580000	0.039062
52	0.580000	0.000000
53	0.580000	0.015625
54	0.580000	0.015625
55	0.580000	0.046875
56	0.580000	0.000000
57	0.580000	0.015625
58	0.580000	0.015625
59	0.580000	0.000000
60	0.580000	0.000000
61	0.580000	0.000000
62	0.580000	0.015625
63	0.580000	0.023438
64	0.580000	0.015625

1	0.590000	0.015625
2	0.590000	0.015625
3	0.590000	0.015625
4	0.590000	0.015625
5	0.590000	0.000000
6	0.590000	0.000000
7	0.590000	0.000000
8	0.590000	0.055990
9	0.590000	0.000000
10	0.590000	0.039062
11	0.590000	0.015625
12	0.590000	0.015625
13	0.590000	0.000000
14	0.590000	0.015625
15	0.590000	0.015625
16	0.590000	0.015625
17	0.590000	0.039062
18	0.590000	0.039583
19	0.590000	0.015625
20	0.590000	0.015625
21	0.590000	0.045573
22	0.590000	0.000000
23	0.590000	0.015625
24	0.590000	0.015625
25	0.590000	0.000000
26	0.590000	0.000000
27	0.590000	0.000000
28	0.590000	0.015625
29	0.590000	0.053385
30	0.590000	0.015625
31	0.590000	0.000000
32	0.590000	0.000000
33	0.590000	0.000000
34	0.590000	0.000000
35	0.590000	0.015625
36	0.590000	0.015625
37	0.590000	0.000000
38	0.590000	0.015625
39	0.590000	0.000000
40	0.590000	0.000000
41	0.590000	0.000000
42	0.590000	0.059896
43	0.590000	0.000000
44	0.590000	0.039062
45	0.590000	0.015625
46	0.590000	0.015625
47	0.590000	0.015625
48	0.590000	0.015625
49	0.590000	0.015625
50	0.590000	0.015625
51	0.590000	0.039062
52	0.590000	0.000000
53	0.590000	0.015625
54	0.590000	0.015625
55	0.590000	0.067708
56	0.590000	0.000000
57	0.590000	0.015625
58	0.590000	0.015625
59	0.590000	0.000000
60	0.590000	0.000000
61	0.590000	0.000000
62	0.590000	0.015625
63	0.590000	0.040885
64	0.590000	0.015625

1	0.600000	0.000000
2	0.600000	0.015625
3	0.600000	0.015625
4	0.600000	0.015625
5	0.600000	0.000000
6	0.600000	0.000000
7	0.600000	0.000000
8	0.600000	0.039062
9	0.600000	0.000000
10	0.600000	0.052083
11	0.600000	0.015625
12	0.600000	0.015625
13	0.600000	0.000000
14	0.600000	0.015625
15	0.600000	0.015625
16	0.600000	0.015625
17	0.600000	0.048177
18	0.600000	0.015625
19	0.600000	0.015625
20	0.600000	0.015625
21	0.600000	0.031250
22	0.600000	0.000000
23	0.600000	0.000000
24	0.600000	0.015625
25	0.600000	0.000000
26	0.600000	0.000000
27	0.600000	0.000000
28	0.600000	0.015625
29	0.600000	0.015625
30	0.600000	0.015625
31	0.600000	0.000000
32	0.600000	0.000000
33	0.600000	0.000000
34	0.600000	0.000000
35	0.600000	0.000000
36	0.600000	0.015625
37	0.600000	0.000000
38	0.600000	0.035677
39	0.600000	0.000000
40	0.600000	0.000000
41	0.600000	0.000000
42	0.600000	0.039062
43	0.600000	0.000000
44	0.600000	0.052083
45	0.600000	0.015625
46	0.600000	0.015625
47	0.600000	0.035677
48	0.600000	0.015625
49	0.600000	0.015625
50	0.600000	0.015625
51	0.600000	0.048177
52	0.600000	0.000000
53	0.600000	0.015625
54	0.600000	0.015625
55	0.600000	0.046875
56	0.600000	0.000000
57	0.600000	0.000000
58	0.600000	0.015625
59	0.600000	0.000000
60	0.600000	0.000000
61	0.600000	0.000000
62	0.600000	0.015625
63	0.600000	0.000000
64	0.600000	0.015625

1	0.610000	0.000000
2	0.610000	0.000000
3	0.610000	0.015625
4	0.610000	0.015625
5	0.610000	0.000000
6	0.610000	0.000000
7	0.610000	0.000000
8	0.610000	0.015625
9	0.610000	0.000000
10	0.610000	0.031250
11	0.610000	0.015625
12	0.610000	0.015625
13	0.610000	0.000000
14	0.610000	0.015625
15	0.610000	0.000000
16	0.610000	0.015625
17	0.610000	0.023438
18	0.610000	0.015625
19	0.610000	0.015625
20	0.610000	0.015625
21	0.610000	0.015625
22	0.610000	0.000000
23	0.610000	0.000000
24	0.610000	0.015625
25	0.610000	0.000000
26	0.610000	0.000000
27	0.610000	0.000000
28	0.610000	0.015625
29	0.610000	0.015625
30	0.610000	0.015625
31	0.610000	0.000000
32	0.610000	0.000000
33	0.610000	0.000000
34	0.610000	0.000000
35	0.610000	0.000000
36	0.610000	0.000000
37	0.610000	0.000000
38	0.610000	0.015625
39	0.610000	0.000000
40	0.610000	0.000000
41	0.610000	0.000000
42	0.610000	0.015625
43	0.610000	0.000000
44	0.610000	0.023438
45	0.610000	0.015625
46	0.610000	0.015625
47	0.610000	0.015625
48	0.610000	0.015625
49	0.610000	0.000000
50	0.610000	0.015625
51	0.610000	0.000000
52	0.610000	0.000000
53	0.610000	0.015625
54	0.610000	0.015625
55	0.610000	0.015625
56	0.610000	0.000000
57	0.610000	0.000000
58	0.610000	0.015625
59	0.610000	0.000000
60	0.610000	0.000000
61	0.610000	0.000000
62	0.610000	0.015625
63	0.610000	0.000000
64	0.610000	0.015625

1	0.620000	0.000000
2	0.620000	0.000000
3	0.620000	0.015625
4	0.620000	0.015625
5	0.620000	0.000000
6	0.620000	0.000000
7	0.620000	0.000000
8	0.620000	0.015625
9	0.620000	0.000000
10	0.620000	0.031250
11	0.620000	0.015625
12	0.620000	0.015625
13	0.620000	0.000000
14	0.620000	0.015625
15	0.620000	0.000000
16	0.620000	0.015625
17	0.620000	0.023438
18	0.620000	0.015625
19	0.620000	0.015625
20	0.620000	0.015625
21	0.620000	0.015625
22	0.620000	0.000000
23	0.620000	0.000000
24	0.620000	0.015625
25	0.620000	0.000000
26	0.620000	0.000000
27	0.620000	0.000000
28	0.620000	0.015625
29	0.620000	0.015625
30	0.620000	0.015625
31	0.620000	0.000000
32	0.620000	0.000000
33	0.620000	0.000000
34	0.620000	0.000000
35	0.620000	0.000000
36	0.620000	0.000000
37	0.620000	0.000000
38	0.620000	0.015625
39	0.620000	0.000000
40	0.620000	0.000000
41	0.620000	0.000000
42	0.620000	0.015625
43	0.620000	0.000000
44	0.620000	0.023438
45	0.620000	0.015625
46	0.620000	0.015625
47	0.620000	0.015625
48	0.620000	0.015625
49	0.620000	0.000000
50	0.620000	0.015625
51	0.620000	0.000000
52	0.620000	0.000000
53	0.620000	0.015625
54	0.620000	0.015625
55	0.620000	0.015625
56	0.620000	0.000000
57	0.620000	0.000000
58	0.620000	0.015625
59	0.620000	0.000000
60	0.620000	0.000000
61	0.620000	0.000000
62	0.620000	0.015625
63	0.620000	0.000000
64	0.620000	0.015625

1	0.630000	0.000000
2	0.630000	0.000000
3	0.630000	0.015625
4	0.630000	0.015625
5	0.630000	0.000000
6	0.630000	0.000000
7	0.630000	0.000000
8	0.630000	0.015625
9	0.630000	0.000000
10	0.630000	0.031250
11	0.630000	0.015625
12	0.630000	0.015625
13	0.630000	0.000000
14	0.630000	0.000000
15	0.630000	0.000000
16	0.630000	0.015625
17	0.630000	0.023438
18	0.630000	0.000000
19	0.630000	0.015625
20	0.630000	0.015625
21	0.630000	0.015625
22	0.630000	0.000000
23	0.630000	0.000000
24	0.630000	0.015625
25	0.630000	0.000000
26	0.630000	0.000000
27	0.630000	0.000000
28	0.630000	0.015625
29	0.630000	0.000000
30	0.630000	0.015625
31	0.630000	0.000000
32	0.630000	0.000000
33	0.630000	0.000000
34	0.630000	0.000000
35	0.630000	0.000000
36	0.630000	0.000000
37	0.630000	0.000000
38	0.630000	0.000000
39	0.630000	0.000000
40	0.630000	0.000000
41	0.630000	0.000000
42	0.630000	0.015625
43	0.630000	0.000000
44	0.630000	0.023438
45	0.630000	0.015625
46	0.630000	0.015625
47	0.630000	0.000000
48	0.630000	0.000000
49	0.630000	0.000000
50	0.630000	0.015625
51	0.630000	0.000000
52	0.630000	0.000000
53	0.630000	0.015625
54	0.630000	0.015625
55	0.630000	0.015625
56	0.630000	0.000000
57	0.630000	0.000000
58	0.630000	0.015625
59	0.630000	0.000000
60	0.630000	0.000000
61	0.630000	0.000000
62	0.630000	0.015625
63	0.630000	0.000000
64	0.630000	0.015625

1	0.640000	0.000000
2	0.640000	0.000000
3	0.640000	0.015625
4	0.640000	0.015625
5	0.640000	0.000000
6	0.640000	0.000000
7	0.640000	0.000000
8	0.640000	0.015625
9	0.640000	0.000000
10	0.640000	0.015625
11	0.640000	0.015625
12	0.640000	0.015625
13	0.640000	0.000000
14	0.640000	0.000000
15	0.640000	0.000000
16	0.640000	0.015625
17	0.640000	0.015625
18	0.640000	0.000000
19	0.640000	0.015625
20	0.640000	0.015625
21	0.640000	0.015625
22	0.640000	0.000000
23	0.640000	0.000000
24	0.640000	0.015625
25	0.640000	0.000000
26	0.640000	0.000000
27	0.640000	0.000000
28	0.640000	0.000000
29	0.640000	0.000000
30	0.640000	0.015625
31	0.640000	0.000000
32	0.640000	0.000000
33	0.640000	0.000000
34	0.640000	0.000000
35	0.640000	0.000000
36	0.640000	0.000000
37	0.640000	0.000000
38	0.640000	0.000000
39	0.640000	0.000000
40	0.640000	0.000000
41	0.640000	0.000000
42	0.640000	0.015625
43	0.640000	0.000000
44	0.640000	0.000000
45	0.640000	0.015625
46	0.640000	0.015625
47	0.640000	0.000000
48	0.640000	0.000000
49	0.640000	0.000000
50	0.640000	0.015625
51	0.640000	0.000000
52	0.640000	0.000000
53	0.640000	0.015625
54	0.640000	0.015625
55	0.640000	0.015625
56	0.640000	0.000000
57	0.640000	0.000000
58	0.640000	0.015625
59	0.640000	0.000000
60	0.640000	0.000000
61	0.640000	0.000000
62	0.640000	0.000000
63	0.640000	0.000000
64	0.640000	0.015625

1	0.650000	0.000000
2	0.650000	0.000000
3	0.650000	0.015625
4	0.650000	0.015625
5	0.650000	0.000000
6	0.650000	0.000000
7	0.650000	0.000000
8	0.650000	0.015625
9	0.650000	0.000000
10	0.650000	0.015625
11	0.650000	0.000000
12	0.650000	0.015625
13	0.650000	0.000000
14	0.650000	0.000000
15	0.650000	0.000000
16	0.650000	0.015625
17	0.650000	0.015625
18	0.650000	0.000000
19	0.650000	0.015625
20	0.650000	0.015625
21	0.650000	0.015625
22	0.650000	0.000000
23	0.650000	0.000000
24	0.650000	0.015625
25	0.650000	0.000000
26	0.650000	0.000000
27	0.650000	0.000000
28	0.650000	0.000000
29	0.650000	0.000000
30	0.650000	0.015625
31	0.650000	0.000000
32	0.650000	0.000000
33	0.650000	0.000000
34	0.650000	0.000000
35	0.650000	0.000000
36	0.650000	0.000000
37	0.650000	0.000000
38	0.650000	0.000000
39	0.650000	0.000000
40	0.650000	0.000000
41	0.650000	0.000000
42	0.650000	0.015625
43	0.650000	0.000000
44	0.650000	0.000000
45	0.650000	0.000000
46	0.650000	0.015625
47	0.650000	0.000000
48	0.650000	0.000000
49	0.650000	0.000000
50	0.650000	0.015625
51	0.650000	0.000000
52	0.650000	0.000000
53	0.650000	0.015625
54	0.650000	0.015625
55	0.650000	0.015625
56	0.650000	0.000000
57	0.650000	0.000000
58	0.650000	0.015625
59	0.650000	0.000000
60	0.650000	0.000000
61	0.650000	0.000000
62	0.650000	0.000000
63	0.650000	0.000000
64	0.650000	0.015625

1	0.660000	0.000000
2	0.660000	0.000000
3	0.660000	0.015625
4	0.660000	0.015625
5	0.660000	0.000000
6	0.660000	0.000000
7	0.660000	0.000000
8	0.660000	0.015625
9	0.660000	0.000000
10	0.660000	0.000000
11	0.660000	0.000000
12	0.660000	0.015625
13	0.660000	0.000000
14	0.660000	0.000000
15	0.660000	0.000000
16	0.660000	0.015625
17	0.660000	0.000000
18	0.660000	0.000000
19	0.660000	0.015625
20	0.660000	0.015625
21	0.660000	0.015625
22	0.660000	0.000000
23	0.660000	0.000000
24	0.660000	0.015625
25	0.660000	0.000000
26	0.660000	0.000000
27	0.660000	0.000000
28	0.660000	0.000000
29	0.660000	0.000000
30	0.660000	0.000000
31	0.660000	0.000000
32	0.660000	0.000000
33	0.660000	0.000000
34	0.660000	0.000000
35	0.660000	0.000000
36	0.660000	0.000000
37	0.660000	0.000000
38	0.660000	0.000000
39	0.660000	0.000000
40	0.660000	0.000000
41	0.660000	0.000000
42	0.660000	0.015625
43	0.660000	0.000000
44	0.660000	0.000000
45	0.660000	0.000000
46	0.660000	0.015625
47	0.660000	0.000000
48	0.660000	0.000000
49	0.660000	0.000000
50	0.660000	0.015625
51	0.660000	0.000000
52	0.660000	0.000000
53	0.660000	0.015625
54	0.660000	0.015625
55	0.660000	0.015625
56	0.660000	0.000000
57	0.660000	0.000000
58	0.660000	0.015625
59	0.660000	0.000000
60	0.660000	0.000000
61	0.660000	0.000000
62	0.660000	0.000000
63	0.660000	0.000000
64	0.660000	0.000000

1	0.670000	0.000000
2	0.670000	0.000000
3	0.670000	0.015625
4	0.670000	0.015625
5	0.670000	0.000000
6	0.670000	0.000000
7	0.670000	0.000000
8	0.670000	0.015625
9	0.670000	0.000000
10	0.670000	0.000000
11	0.670000	0.000000
12	0.670000	0.015625
13	0.670000	0.000000
14	0.670000	0.000000
15	0.670000	0.000000
16	0.670000	0.015625
17	0.670000	0.000000
18	0.670000	0.000000
19	0.670000	0.015625
20	0.670000	0.015625
21	0.670000	0.015625
22	0.670000	0.000000
23	0.670000	0.000000
24	0.670000	0.015625
25	0.670000	0.000000
26	0.670000	0.000000
27	0.670000	0.000000
28	0.670000	0.000000
29	0.670000	0.000000
30	0.670000	0.000000
31	0.670000	0.000000
32	0.670000	0.000000
33	0.670000	0.000000
34	0.670000	0.000000
35	0.670000	0.000000
36	0.670000	0.000000
37	0.670000	0.000000
38	0.670000	0.000000
39	0.670000	0.000000
40	0.670000	0.000000
41	0.670000	0.000000
42	0.670000	0.015625
43	0.670000	0.000000
44	0.670000	0.000000
45	0.670000	0.000000
46	0.670000	0.015625
47	0.670000	0.000000
48	0.670000	0.000000
49	0.670000	0.000000
50	0.670000	0.015625
51	0.670000	0.000000
52	0.670000	0.000000
53	0.670000	0.015625
54	0.670000	0.015625
55	0.670000	0.015625
56	0.670000	0.000000
57	0.670000	0.000000
58	0.670000	0.015625
59	0.670000	0.000000
60	0.670000	0.000000
61	0.670000	0.000000
62	0.670000	0.000000
63	0.670000	0.000000
64	0.670000	0.000000

1	0.680000	0.000000
2	0.680000	0.000000
3	0.680000	0.015625
4	0.680000	0.015625
5	0.680000	0.000000
6	0.680000	0.000000
7	0.680000	0.000000
8	0.680000	0.015625
9	0.680000	0.000000
10	0.680000	0.000000
11	0.680000	0.000000
12	0.680000	0.000000
13	0.680000	0.000000
14	0.680000	0.000000
15	0.680000	0.000000
16	0.680000	0.015625
17	0.680000	0.000000
18	0.680000	0.000000
19	0.680000	0.015625
20	0.680000	0.015625
21	0.680000	0.015625
22	0.680000	0.000000
23	0.680000	0.000000
24	0.680000	0.015625
25	0.680000	0.000000
26	0.680000	0.000000
27	0.680000	0.000000
28	0.680000	0.000000
29	0.680000	0.000000
30	0.680000	0.000000
31	0.680000	0.000000
32	0.680000	0.000000
33	0.680000	0.000000
34	0.680000	0.000000
35	0.680000	0.000000
36	0.680000	0.000000
37	0.680000	0.000000
38	0.680000	0.000000
39	0.680000	0.000000
40	0.680000	0.000000
41	0.680000	0.000000
42	0.680000	0.015625
43	0.680000	0.000000
44	0.680000	0.000000
45	0.680000	0.000000
46	0.680000	0.000000
47	0.680000	0.000000
48	0.680000	0.000000
49	0.680000	0.000000
50	0.680000	0.015625
51	0.680000	0.000000
52	0.680000	0.000000
53	0.680000	0.015625
54	0.680000	0.015625
55	0.680000	0.015625
56	0.680000	0.000000
57	0.680000	0.000000
58	0.680000	0.015625
59	0.680000	0.000000
60	0.680000	0.000000
61	0.680000	0.000000
62	0.680000	0.000000
63	0.680000	0.000000
64	0.680000	0.000000

1	0.690000	0.000000
2	0.690000	0.000000
3	0.690000	0.000000
4	0.690000	0.000000
5	0.690000	0.000000
6	0.690000	0.000000
7	0.690000	0.000000
8	0.690000	0.015625
9	0.690000	0.000000
10	0.690000	0.000000
11	0.690000	0.000000
12	0.690000	0.000000
13	0.690000	0.000000
14	0.690000	0.000000
15	0.690000	0.000000
16	0.690000	0.015625
17	0.690000	0.000000
18	0.690000	0.000000
19	0.690000	0.015625
20	0.690000	0.015625
21	0.690000	0.015625
22	0.690000	0.000000
23	0.690000	0.000000
24	0.690000	0.015625
25	0.690000	0.000000
26	0.690000	0.000000
27	0.690000	0.000000
28	0.690000	0.000000
29	0.690000	0.000000
30	0.690000	0.000000
31	0.690000	0.000000
32	0.690000	0.000000
33	0.690000	0.000000
34	0.690000	0.000000
35	0.690000	0.000000
36	0.690000	0.000000
37	0.690000	0.000000
38	0.690000	0.000000
39	0.690000	0.000000
40	0.690000	0.000000
41	0.690000	0.000000
42	0.690000	0.015625
43	0.690000	0.000000
44	0.690000	0.000000
45	0.690000	0.000000
46	0.690000	0.000000
47	0.690000	0.000000
48	0.690000	0.000000
49	0.690000	0.000000
50	0.690000	0.015625
51	0.690000	0.000000
52	0.690000	0.000000
53	0.690000	0.015625
54	0.690000	0.015625
55	0.690000	0.015625
56	0.690000	0.000000
57	0.690000	0.000000
58	0.690000	0.015625
59	0.690000	0.000000
60	0.690000	0.000000
61	0.690000	0.000000
62	0.690000	0.000000
63	0.690000	0.000000
64	0.690000	0.000000

1	0.700000	0.000000
2	0.700000	0.000000
3	0.700000	0.000000
4	0.700000	0.000000
5	0.700000	0.000000
6	0.700000	0.000000
7	0.700000	0.000000
8	0.700000	0.015625
9	0.700000	0.000000
10	0.700000	0.000000
11	0.700000	0.000000
12	0.700000	0.000000
13	0.700000	0.000000
14	0.700000	0.000000
15	0.700000	0.000000
16	0.700000	0.000000
17	0.700000	0.000000
18	0.700000	0.000000
19	0.700000	0.000000
20	0.700000	0.000000
21	0.700000	0.000000
22	0.700000	0.000000
23	0.700000	0.000000
24	0.700000	0.015625
25	0.700000	0.000000
26	0.700000	0.000000
27	0.700000	0.000000
28	0.700000	0.000000
29	0.700000	0.000000
30	0.700000	0.000000
31	0.700000	0.000000
32	0.700000	0.000000
33	0.700000	0.000000
34	0.700000	0.000000
35	0.700000	0.000000
36	0.700000	0.000000
37	0.700000	0.000000
38	0.700000	0.000000
39	0.700000	0.000000
40	0.700000	0.000000
41	0.700000	0.000000
42	0.700000	0.015625
43	0.700000	0.000000
44	0.700000	0.000000
45	0.700000	0.000000
46	0.700000	0.000000
47	0.700000	0.000000
48	0.700000	0.000000
49	0.700000	0.000000
50	0.700000	0.000000
51	0.700000	0.000000
52	0.700000	0.000000
53	0.700000	0.000000
54	0.700000	0.000000
55	0.700000	0.000000
56	0.700000	0.000000
57	0.700000	0.000000
58	0.700000	0.015625
59	0.700000	0.000000
60	0.700000	0.000000
61	0.700000	0.000000
62	0.700000	0.000000
63	0.700000	0.000000
64	0.700000	0.000000

