r(thres)	L	N	D(dens.)	con_comp	CC(clus.)	check_sum	ave_degr
0.000000	1988	64	0.986111	1.000000	0.986108	1.000000	62.125000	
0.010000	1997	64	0.990575	1.000000	0.990547	1.000000	62.406250	
0.020000	1993	64	0.988591	1.000000	0.988547	1.000000	62.281250	
0.030000	1984	64	0.984127	1.000000	0.984228	1.000000	62.000000	
0.040000	1994	64	0.989087	1.000000	0.989060	1.000000	62.312500	
0.050000	1964	64	0.974206	1.000000	0.974302	1.000000	61.375000	
0.060000	1971	64	0.977679	1.000000	0.977532	1.000000	61.593750	
0.070000	1927	64	0.955853	1.000000	0.955818	1.000000	60.218750	
0.080000	1950	64	0.967262	1.000000	0.966987	1.000000	60.937500	
0.090000	1927	64	0.955853	1.000000	0.955728	1.000000	60.218750	
0.100000	1918	64	0.951389	1.000000	0.951648	1.000000	59.937500	
0.110000	1885	64	0.935020	1.000000	0.934622	1.000000	58.906250	
0.120000	1863	64	0.924107	1.000000	0.923524	1.000000	58.218750	
0.130000	1830	64	0.907738	1.000000	0.908184	1.000000	57.187500	
0.140000	1762	64	0.874008	1.000000	0.874717	1.000000	55.062500	
0.150000	1774	64	0.879960	1.000000	0.879325	1.000000	55.437500	
0.160000	1711	64	0.848710	1.000000	0.848682	1.000000	53.468750	
0.170000	1633	64	0.810020	1.000000	0.810276	1.000000	51.031250	
0.180000	1548	64	0.767857	1.000000	0.768445	1.000000	48.375000	
0.190000	1505	64	0.746528	1.000000	0.742978	1.000000	47.031250	
0.200000	1433	64	0.710813	1.000000	0.712620	1.000000	44.781250	
0.210000	1383	64	0.686012	1.000000	0.688660	1.000000	43.218750	
0.220000	1321	64	0.655258	1.000000	0.656386	1.000000	41.281250	
0.230000	1244	64	0.617063	1.000000	0.618276	1.000000	38.875000	
0.240000	1096	64	0.543651	1.000000	0.545406	1.000000	34.250000	
0.250000	1042	64	0.516865	1.000000	0.517078	1.000000	32.562500	
0.260000	970	64	0.481151	1.000000	0.479150	1.000000	30.312500	
0.270000	890	64	0.441468	1.000000	0.440416	1.000000	27.812500	
0.280000	841	64	0.417163	1.000000	0.409499	1.000000	26.281250	
0.290000	798	64	0.395833	1.000000	0.396842	1.000000	24.937500	
0.300000	769	64	0.381448	1.000000	0.383082	1.000000	24.031250	
0.310000	627	64	0.311012	1.000000	0.312125	1.000000	19.593750	
0.320000	570	64	0.282738	1.000000	0.277354	1.000000	17.812500	
0.330000	574	64	0.284722	1.000000	0.297788	1.000000	17.937500	
0.340000	478	64	0.237103	1.000000	0.245691	1.000000	14.937500	
0.350000	435	64	0.215774	1.000000	0.218888	1.000000	13.593750	
0.360000	364	64	0.180556	1.000000	0.155720	1.000000	11.375000	
0.370000	360	64	0.178571	1.000000	0.181854	1.000000	11.250000	
0.380000	349	64	0.173115	1.000000	0.162830	1.000000	10.906250	
0.390000	296	64	0.146825	1.000000	0.133335	1.000000	9.250000	
0.400000	274	64	0.135913	1.000000	0.106237	1.000000	8.562500	
0.410000	209	64	0.103671	1.000000	0.097776	1.000000	6.531250	
0.420000	173	64	0.085813	1.000000	0.053968	1.000000	5.406250	
0.430000	159	64	0.078869	1.000000	0.084288	1.000000	4.968750	
0.440000	150	64	0.074405	1.000000	0.054477	1.000000	4.687500	
0.450000	125	64	0.062004	1.000000	0.084958	1.000000	3.906250	
0.460000	123	64	0.061012	1.000000	0.070759	1.000000	3.843750	
0.470000	116	64	0.057540	4.000000	0.040972	1.000000	3.625000	
0.480000	88	64	0.043651	5.000000	0.040327	1.000000	2.750000	
0.490000	88	64	0.043651	6.000000	0.046354	1.000000	2.750000	
0.500000	70	64	0.034722	8.000000	0.034598	1.000000	2.187500	
0.510000	54	64	0.026786	14.000000	0.020833	1.000000	1.687500	
0.520000	58	64	0.028770	18.000000	0.043750	1.000000	1.812500	
0.530000	51	64	0.025298	18.000000	0.000000	1.000000	1.593750	
0.540000	53	64	0.026290	14.000000	0.000000	1.000000	1.656250	
0.550000	37	64	0.018353	28.000000	0.000000	1.000000	1.156250	
0.560000	35	64	0.017361	29.000000	0.000000	1.000000	1.093750	
0.570000	38	64	0.018849	27.000000	0.000000	1.000000	1.187500	
0.580000	37	64	0.018353	27.000000	0.000000	1.000000	1.156250	
0.590000	22	64	0.010913	42.000000	0.000000	1.000000	0.687500	
0.600000	13	64	0.006448	51.000000	0.000000	1.000000	0.406250	
0.610000	10	64	0.004960	54.000000	0.000000	1.000000	0.312500	
0.620000	11	64	0.005456	53.000000	0.000000	1.000000	0.343750	
0.630000	12	64	0.005952	52.000000	0.000000	1.000000	0.375000	
0.640000	11	64	0.005456	53.000000	0.000000	1.000000	0.343750	
0.650000	11	64	0.005456	53.000000	0.000000	1.000000	0.343750	
0.660000	11	64	0.005456	53.000000	0.000000	1.000000	0.343750	
0.670000	10	64	0.004960	54.000000	0.000000	1.000000	0.312500	
0.680000	9	64	0.004464	55.000000	0.000000	1.000000	0.281250	
0.690000	10	64	0.004960	54.000000	0.000000	1.000000	0.312500	
0.700000	1	64	0.000496	63.000000	0.000000	1.000000	0.031250	
0.710000	1	64	0.000496	63.000000	0.000000	1.000000	0.031250	
0.720000	2	64	0.000992	62.000000	0.000000	1.000000	0.062500	
0.730000	0	64	0.000000	64.000000	0.000000	1.000000	0.000000	
0.740000	0	64	0.000000	64.000000	0.000000	1.000000	0.000000	
0.750000	0	64	0.000000	64.000000	0.000000	1.000000	0.000000	
0.760000	0	64	0.000000	64.000000	0.000000	1.000000	0.000000	
0.770000	0	64	0.000000	64.000000	0.000000	1.000000	0.000000	
0.780000	0	64	0.000000	64.000000	0.000000	1.000000	0.000000	
0.790000	0	64	0.000000	64.000000	0.000000	1.000000	0.000000	
0.800000	0	64	0.000000	64.000000	0.000000	1.000000	0.000000	
0.810000	0	64	0.000000	64.000000	0.000000	1.000000	0.000000	
0.820000	0	64	0.000000	64.000000	0.000000	1.000000	0.000000	
0.830000	0	64	0.000000	64.000000	0.000000	1.000000	0.000000	
0.840000	0	64	0.000000	64.000000	0.000000	1.000000	0.000000	
0.850000	0	64	0.000000	64.000000	0.000000	1.000000	0.000000	
0.860000	0	64	0.000000	64.000000	0.000000	1.000000	0.000000	
0.870000	0	64	0.000000	64.000000	0.000000	1.000000	0.000000	
0.880000	0	64	0.000000	64.000000	0.000000	1.000000	0.000000	
0.890000	0	64	0.000000	64.000000	0.000000	1.000000	0.000000	
0.900000	0	64	0.000000	64.000000	0.000000	1.000000	0.000000	
0.910000	0	64	0.000000	64.000000	0.000000	1.000000	0.000000	
0.920000	0	64	0.000000	64.000000	0.000000	1.000000	0.000000	
0.930000	0	64	0.000000	64.000000	0.000000	1.000000	0.000000	
0.940000	0	64	0.000000	64.000000	0.000000	1.000000	0.000000	
0.950000	0	64	0.000000	64.000000	0.000000	1.000000	0.000000	
0.960000	0	64	0.000000	64.000000	0.000000	1.000000	0.000000	
0.970000	0	64	0.000000	64.000000	0.000000	1.000000	0.000000	
0.980000	0	64	0.000000	64.000000	0.000000	1.000000	0.000000	
0.990000	0	64	0.000000	64.000000	0.000000	1.000000	0.000000	
1.000000	0	64	0.000000	64.000000	0.000000	1.000000	0.000000	
