0.0	0.00	0.50	0.00	0.50	0.00	0.50	
0.1	0.06	0.58	0.06	0.58	0.06	0.58	
0.2	0.13	0.65	0.13	0.65	0.13	0.65	
0.3	0.21	0.70	0.21	0.70	0.21	0.70	
0.4	0.31	0.75	0.31	0.75	0.31	0.75	
0.5	0.42	0.79	0.42	0.79	0.42	0.79	
0.6	0.55	0.82	0.55	0.82	0.55	0.82	
0.7	0.68	0.83	0.68	0.83	0.68	0.83	
0.8	0.83	0.83	0.83	0.83	0.83	0.83	
0.9	0.97	0.81	0.97	0.81	0.97	0.81	
1.0	1.12	0.78	1.12	0.78	1.12	0.78	
1.1	1.26	0.74	1.26	0.74	1.26	0.74	
1.2	1.38	0.68	1.38	0.68	1.38	0.68	
1.3	1.49	0.61	1.49	0.61	1.49	0.61	
1.4	1.58	0.54	1.58	0.54	1.58	0.54	
1.5	1.65	0.46	1.65	0.46	1.65	0.46	
1.6	1.70	0.37	1.70	0.37	1.70	0.37	
1.7	1.74	0.28	1.74	0.28	1.74	0.28	
1.8	1.76	0.19	1.76	0.19	1.76	0.19	
1.9	1.76	0.11	1.76	0.10	1.76	0.11	
2.0	1.76	0.02	1.76	0.02	1.76	0.02	
2.1	1.75	-0.07	1.75	-0.07	1.75	-0.07	
2.2	1.74	-0.15	1.74	-0.15	1.74	-0.15	
2.3	1.72	-0.23	1.72	-0.23	1.72	-0.23	
2.4	1.69	-0.30	1.70	-0.30	1.69	-0.30	
2.5	1.67	-0.38	1.67	-0.38	1.67	-0.38	
2.6	1.64	-0.44	1.64	-0.44	1.64	-0.44	
2.7	1.61	-0.51	1.61	-0.51	1.61	-0.51	
2.8	1.58	-0.56	1.58	-0.56	1.58	-0.56	
2.9	1.55	-0.62	1.55	-0.62	1.55	-0.62	
3.0	1.52	-0.67	1.52	-0.67	1.52	-0.67	
3.1	1.48	-0.71	1.48	-0.72	1.48	-0.71	
3.2	1.45	-0.76	1.45	-0.76	1.45	-0.76	
3.3	1.41	-0.79	1.42	-0.79	1.41	-0.79	
3.4	1.38	-0.83	1.38	-0.83	1.38	-0.83	
3.5	1.35	-0.86	1.35	-0.86	1.35	-0.86	
3.6	1.31	-0.88	1.31	-0.88	1.31	-0.88	
3.7	1.28	-0.90	1.28	-0.91	1.28	-0.90	
3.8	1.25	-0.92	1.25	-0.92	1.24	-0.92	
3.9	1.21	-0.94	1.21	-0.94	1.21	-0.94	
4.0	1.18	-0.95	1.18	-0.95	1.18	-0.95	
4.1	1.15	-0.95	1.15	-0.95	1.15	-0.95	
4.2	1.11	-0.96	1.11	-0.96	1.11	-0.96	
4.3	1.08	-0.96	1.08	-0.96	1.08	-0.96	
4.4	1.05	-0.96	1.05	-0.96	1.05	-0.95	
4.5	1.02	-0.95	1.02	-0.95	1.02	-0.95	
4.6	0.99	-0.94	0.99	-0.94	0.99	-0.94	
4.7	0.96	-0.93	0.96	-0.93	0.96	-0.93	
4.8	0.94	-0.92	0.94	-0.92	0.94	-0.92	
4.9	0.91	-0.90	0.91	-0.90	0.91	-0.90	
5.0	0.89	-0.88	0.89	-0.88	0.89	-0.88	
5.1	0.86	-0.86	0.86	-0.86	0.86	-0.86	
5.2	0.84	-0.84	0.84	-0.84	0.84	-0.84	
5.3	0.82	-0.82	0.82	-0.82	0.82	-0.82	
5.4	0.80	-0.79	0.80	-0.79	0.80	-0.79	
5.5	0.79	-0.77	0.79	-0.77	0.79	-0.77	
5.6	0.77	-0.74	0.77	-0.74	0.77	-0.74	
5.7	0.76	-0.71	0.76	-0.71	0.76	-0.71	
5.8	0.75	-0.68	0.75	-0.68	0.75	-0.68	
5.9	0.74	-0.65	0.74	-0.65	0.74	-0.65	
6.0	0.74	-0.63	0.74	-0.63	0.74	-0.62	
6.1	0.74	-0.60	0.74	-0.60	0.74	-0.60	
6.2	0.74	-0.57	0.74	-0.57	0.74	-0.57	
6.3	0.74	-0.54	0.74	-0.54	0.74	-0.54	
6.4	0.75	-0.52	0.75	-0.52	0.75	-0.52	
6.5	0.76	-0.49	0.76	-0.49	0.76	-0.49	
6.6	0.77	-0.47	0.77	-0.47	0.77	-0.47	
6.7	0.79	-0.45	0.79	-0.45	0.79	-0.45	
6.8	0.81	-0.43	0.81	-0.43	0.81	-0.43	
6.9	0.83	-0.41	0.83	-0.41	0.83	-0.41	
7.0	0.85	-0.40	0.85	-0.40	0.85	-0.40	
7.1	0.88	-0.39	0.88	-0.39	0.88	-0.39	
7.2	0.90	-0.38	0.90	-0.38	0.90	-0.38	
7.3	0.93	-0.37	0.93	-0.37	0.93	-0.37	
7.4	0.96	-0.37	0.96	-0.37	0.96	-0.37	
7.5	0.99	-0.37	0.99	-0.37	0.99	-0.37	
7.6	1.02	-0.37	1.02	-0.37	1.02	-0.37	
7.7	1.04	-0.38	1.04	-0.38	1.04	-0.38	
7.8	1.07	-0.39	1.07	-0.39	1.07	-0.39	
7.9	1.10	-0.40	1.10	-0.40	1.10	-0.40	
8.0	1.12	-0.41	1.12	-0.41	1.12	-0.41	
8.1	1.14	-0.43	1.14	-0.43	1.14	-0.43	
8.2	1.16	-0.44	1.16	-0.44	1.16	-0.44	
8.3	1.18	-0.46	1.18	-0.46	1.18	-0.46	
8.4	1.19	-0.48	1.20	-0.48	1.20	-0.48	
8.5	1.21	-0.50	1.21	-0.50	1.21	-0.50	
8.6	1.22	-0.52	1.22	-0.52	1.22	-0.52	
8.7	1.22	-0.54	1.22	-0.54	1.22	-0.54	
8.8	1.23	-0.56	1.23	-0.56	1.23	-0.56	
8.9	1.23	-0.59	1.23	-0.59	1.23	-0.59	
9.0	1.23	-0.61	1.23	-0.61	1.23	-0.61	
9.1	1.23	-0.63	1.23	-0.63	1.23	-0.63	
9.2	1.22	-0.65	1.23	-0.65	1.22	-0.65	
9.3	1.22	-0.67	1.22	-0.67	1.22	-0.67	
9.4	1.21	-0.68	1.21	-0.68	1.21	-0.68	
9.5	1.20	-0.70	1.20	-0.70	1.20	-0.70	
9.6	1.19	-0.72	1.19	-0.72	1.19	-0.72	
9.7	1.18	-0.73	1.18	-0.73	1.18	-0.73	
9.8	1.17	-0.74	1.17	-0.74	1.17	-0.74	
9.9	1.16	-0.76	1.16	-0.76	1.16	-0.76	
10.0	1.15	-0.77	1.15	-0.77	1.15	-0.76	
10.1	1.13	-0.77	1.13	-0.77	1.13	-0.77	
10.2	1.12	-0.78	1.12	-0.78	1.12	-0.78	
10.3	1.10	-0.79	1.10	-0.79	1.10	-0.79	
10.4	1.09	-0.79	1.09	-0.79	1.09	-0.79	
10.5	1.08	-0.79	1.08	-0.79	1.07	-0.79	
10.6	1.06	-0.79	1.06	-0.79	1.06	-0.79	
10.7	1.05	-0.79	1.05	-0.79	1.05	-0.79	
10.8	1.03	-0.79	1.03	-0.79	1.03	-0.79	
10.9	1.02	-0.79	1.02	-0.79	1.02	-0.79	
11.0	1.01	-0.78	1.01	-0.78	1.01	-0.78	
11.1	0.99	-0.78	0.99	-0.78	0.99	-0.78	
11.2	0.98	-0.77	0.98	-0.77	0.98	-0.77	
11.3	0.97	-0.76	0.97	-0.76	0.97	-0.76	
11.4	0.96	-0.75	0.96	-0.75	0.96	-0.75	
11.5	0.95	-0.74	0.95	-0.74	0.95	-0.74	
11.6	0.94	-0.73	0.94	-0.73	0.94	-0.73	
11.7	0.94	-0.72	0.94	-0.72	0.94	-0.72	
11.8	0.93	-0.71	0.93	-0.71	0.93	-0.71	
11.9	0.92	-0.70	0.92	-0.70	0.92	-0.70	
12.0	0.92	-0.69	0.92	-0.69	0.92	-0.69	
12.1	0.92	-0.68	0.92	-0.68	0.92	-0.68	
12.2	0.91	-0.66	0.91	-0.67	0.91	-0.66	
12.3	0.91	-0.65	0.91	-0.65	0.91	-0.65	
12.4	0.91	-0.64	0.91	-0.64	0.91	-0.64	
12.5	0.91	-0.63	0.91	-0.63	0.91	-0.63	
12.6	0.92	-0.62	0.92	-0.62	0.92	-0.62	
12.7	0.92	-0.61	0.92	-0.61	0.92	-0.61	
12.8	0.93	-0.60	0.93	-0.60	0.93	-0.60	
12.9	0.93	-0.59	0.93	-0.59	0.93	-0.59	
13.0	0.94	-0.58	0.94	-0.58	0.94	-0.58	
13.1	0.95	-0.57	0.95	-0.57	0.95	-0.57	
13.2	0.95	-0.57	0.95	-0.57	0.95	-0.57	
13.3	0.96	-0.56	0.96	-0.56	0.96	-0.56	
13.4	0.97	-0.56	0.97	-0.56	0.97	-0.56	
13.5	0.98	-0.56	0.98	-0.56	0.98	-0.55	
13.6	0.99	-0.55	0.99	-0.55	0.99	-0.55	
13.7	1.00	-0.55	1.00	-0.55	1.00	-0.55	
13.8	1.01	-0.55	1.01	-0.55	1.01	-0.55	
13.9	1.02	-0.55	1.02	-0.55	1.02	-0.55	
14.0	1.03	-0.55	1.03	-0.56	1.04	-0.55	
14.1	1.04	-0.56	1.04	-0.56	1.04	-0.56	
14.2	1.05	-0.56	1.05	-0.56	1.05	-0.56	
14.3	1.06	-0.57	1.06	-0.57	1.06	-0.57	
14.4	1.07	-0.57	1.07	-0.57	1.07	-0.57	
14.5	1.08	-0.58	1.08	-0.58	1.08	-0.58	
14.6	1.09	-0.58	1.09	-0.58	1.09	-0.58	
14.7	1.09	-0.59	1.09	-0.59	1.09	-0.59	
14.8	1.10	-0.60	1.10	-0.60	1.10	-0.60	
14.9	1.10	-0.61	1.10	-0.61	1.10	-0.61	
15.0	1.10	-0.61	1.10	-0.62	1.10	-0.61	
15.1	1.11	-0.62	1.11	-0.62	1.11	-0.62	
15.2	1.11	-0.63	1.11	-0.63	1.11	-0.63	
15.3	1.11	-0.64	1.11	-0.64	1.11	-0.64	
15.4	1.11	-0.65	1.11	-0.65	1.11	-0.65	
15.5	1.11	-0.66	1.11	-0.66	1.11	-0.65	
15.6	1.11	-0.66	1.11	-0.66	1.11	-0.66	
15.7	1.10	-0.67	1.10	-0.67	1.10	-0.67	
15.8	1.10	-0.68	1.10	-0.68	1.10	-0.68	
15.9	1.10	-0.68	1.10	-0.68	1.10	-0.68	
16.0	1.09	-0.69	1.09	-0.69	1.09	-0.69	
16.1	1.09	-0.69	1.09	-0.69	1.09	-0.69	
16.2	1.08	-0.70	1.08	-0.70	1.08	-0.70	
16.3	1.08	-0.70	1.08	-0.70	1.08	-0.70	
16.4	1.07	-0.71	1.07	-0.71	1.07	-0.71	
16.5	1.07	-0.71	1.07	-0.71	1.07	-0.71	
16.6	1.06	-0.71	1.06	-0.71	1.06	-0.71	
16.7	1.06	-0.71	1.06	-0.71	1.05	-0.71	
16.8	1.05	-0.71	1.05	-0.71	1.05	-0.71	
16.9	1.04	-0.71	1.04	-0.71	1.04	-0.71	
17.0	1.04	-0.71	1.04	-0.71	1.04	-0.71	
17.1	1.03	-0.71	1.03	-0.71	1.03	-0.71	
17.2	1.03	-0.71	1.03	-0.71	1.03	-0.71	
17.3	1.02	-0.71	1.02	-0.71	1.02	-0.71	
17.4	1.02	-0.71	1.02	-0.71	1.01	-0.71	
17.5	1.01	-0.70	1.01	-0.70	1.01	-0.70	
17.6	1.01	-0.70	1.01	-0.70	1.01	-0.70	
17.7	1.00	-0.70	1.00	-0.70	1.00	-0.70	
17.8	1.00	-0.69	1.00	-0.69	1.00	-0.69	
17.9	0.99	-0.69	0.99	-0.69	0.99	-0.69	
18.0	0.99	-0.68	0.99	-0.68	0.99	-0.68	
18.1	0.99	-0.68	0.99	-0.68	0.99	-0.68	
18.2	0.99	-0.67	0.99	-0.67	0.99	-0.67	
18.3	0.99	-0.67	0.99	-0.67	0.99	-0.67	
18.4	0.98	-0.66	0.98	-0.66	0.98	-0.66	
18.5	0.98	-0.66	0.98	-0.66	0.98	-0.66	
18.6	0.98	-0.65	0.98	-0.66	0.98	-0.65	
18.7	0.98	-0.65	0.98	-0.65	0.98	-0.65	
18.8	0.98	-0.65	0.98	-0.65	0.98	-0.64	
18.9	0.99	-0.64	0.99	-0.64	0.99	-0.64	
19.0	0.99	-0.64	0.99	-0.64	0.99	-0.64	
19.1	0.99	-0.63	0.99	-0.63	0.99	-0.63	
19.2	0.99	-0.63	0.99	-0.63	0.99	-0.63	
19.3	1.00	-0.63	1.00	-0.63	1.00	-0.63	
19.4	1.00	-0.62	1.00	-0.62	1.00	-0.62	
19.5	1.00	-0.62	1.00	-0.62	1.00	-0.62	
19.6	1.01	-0.62	1.01	-0.62	1.01	-0.62	
19.7	1.01	-0.62	1.01	-0.62	1.01	-0.62	
19.8	1.01	-0.62	1.01	-0.62	1.01	-0.62	
19.9	1.02	-0.62	1.02	-0.62	1.02	-0.62	
20.0	1.02	-0.62	1.02	-0.62	1.02	-0.62	
20.1	1.03	-0.62	1.03	-0.62	1.03	-0.62	
20.2	1.03	-0.62	1.03	-0.62	1.03	-0.62	
20.3	1.03	-0.62	1.03	-0.62	1.03	-0.62	
20.4	1.04	-0.62	1.04	-0.62	1.04	-0.62	
20.5	1.04	-0.62	1.04	-0.62	1.04	-0.62	
20.6	1.04	-0.62	1.04	-0.62	1.04	-0.62	
20.7	1.05	-0.62	1.05	-0.62	1.05	-0.62	
20.8	1.05	-0.63	1.05	-0.63	1.05	-0.63	
20.9	1.05	-0.63	1.05	-0.63	1.05	-0.63	
21.0	1.05	-0.63	1.05	-0.63	1.05	-0.63	
21.1	1.06	-0.63	1.06	-0.64	1.06	-0.63	
21.2	1.06	-0.64	1.06	-0.64	1.06	-0.64	
21.3	1.06	-0.64	1.06	-0.64	1.06	-0.64	
21.4	1.06	-0.64	1.06	-0.64	1.06	-0.64	
21.5	1.06	-0.65	1.06	-0.65	1.06	-0.65	
21.6	1.06	-0.65	1.06	-0.65	1.06	-0.65	
21.7	1.06	-0.65	1.06	-0.65	1.06	-0.65	
21.8	1.06	-0.66	1.06	-0.66	1.06	-0.66	
21.9	1.06	-0.66	1.06	-0.66	1.06	-0.66	
22.0	1.06	-0.66	1.06	-0.66	1.06	-0.66	
22.1	1.06	-0.66	1.06	-0.66	1.06	-0.66	
22.2	1.06	-0.67	1.06	-0.67	1.06	-0.67	
22.3	1.05	-0.67	1.05	-0.67	1.05	-0.67	
22.4	1.05	-0.67	1.05	-0.67	1.05	-0.67	
22.5	1.05	-0.67	1.05	-0.67	1.05	-0.67	
22.6	1.05	-0.67	1.05	-0.67	1.05	-0.67	
22.7	1.05	-0.68	1.05	-0.68	1.05	-0.67	
22.8	1.04	-0.68	1.04	-0.68	1.04	-0.68	
22.9	1.04	-0.68	1.04	-0.68	1.04	-0.68	
23.0	1.04	-0.68	1.04	-0.68	1.04	-0.68	
23.1	1.04	-0.68	1.04	-0.68	1.04	-0.68	
23.2	1.03	-0.68	1.04	-0.68	1.03	-0.68	
23.3	1.03	-0.68	1.03	-0.68	1.03	-0.68	
23.4	1.03	-0.68	1.03	-0.68	1.03	-0.68	
23.5	1.03	-0.68	1.03	-0.68	1.03	-0.68	
23.6	1.03	-0.68	1.03	-0.68	1.03	-0.67	
23.7	1.02	-0.67	1.02	-0.67	1.02	-0.67	
23.8	1.02	-0.67	1.02	-0.67	1.02	-0.67	
23.9	1.02	-0.67	1.02	-0.67	1.02	-0.67	
24.0	1.02	-0.67	1.02	-0.67	1.02	-0.67	
24.1	1.02	-0.67	1.02	-0.67	1.02	-0.67	
24.2	1.02	-0.67	1.02	-0.67	1.02	-0.67	
24.3	1.02	-0.66	1.02	-0.67	1.02	-0.66	
24.4	1.01	-0.66	1.01	-0.66	1.01	-0.66	
24.5	1.01	-0.66	1.01	-0.66	1.01	-0.66	
24.6	1.01	-0.66	1.01	-0.66	1.01	-0.66	
24.7	1.01	-0.66	1.01	-0.66	1.01	-0.66	
24.8	1.01	-0.66	1.01	-0.66	1.01	-0.66	
24.9	1.01	-0.65	1.01	-0.65	1.01	-0.65	
25.0	1.01	-0.65	1.01	-0.65	1.01	-0.65	
25.1	1.01	-0.65	1.01	-0.65	1.01	-0.65	
25.2	1.02	-0.65	1.02	-0.65	1.01	-0.65	
25.3	1.02	-0.65	1.02	-0.65	1.02	-0.65	
25.4	1.02	-0.65	1.02	-0.65	1.02	-0.65	
25.5	1.02	-0.65	1.02	-0.65	1.02	-0.64	
25.6	1.02	-0.64	1.02	-0.64	1.02	-0.64	
25.7	1.02	-0.64	1.02	-0.64	1.02	-0.64	
25.8	1.02	-0.64	1.02	-0.64	1.02	-0.64	
25.9	1.02	-0.64	1.02	-0.64	1.02	-0.64	
26.0	1.02	-0.64	1.02	-0.64	1.02	-0.64	
26.1	1.03	-0.64	1.03	-0.64	1.03	-0.64	
26.2	1.03	-0.64	1.03	-0.64	1.03	-0.64	
26.3	1.03	-0.64	1.03	-0.64	1.03	-0.64	
26.4	1.03	-0.64	1.03	-0.64	1.03	-0.64	
26.5	1.03	-0.64	1.03	-0.64	1.03	-0.64	
26.6	1.03	-0.64	1.03	-0.64	1.03	-0.64	
26.7	1.03	-0.64	1.03	-0.64	1.03	-0.64	
26.8	1.03	-0.64	1.04	-0.64	1.03	-0.64	
26.9	1.04	-0.64	1.04	-0.64	1.04	-0.64	
27.0	1.04	-0.64	1.04	-0.65	1.04	-0.64	
27.1	1.04	-0.65	1.04	-0.65	1.04	-0.65	
27.2	1.04	-0.65	1.04	-0.65	1.04	-0.65	
27.3	1.04	-0.65	1.04	-0.65	1.04	-0.65	
27.4	1.04	-0.65	1.04	-0.65	1.04	-0.65	
27.5	1.04	-0.65	1.04	-0.65	1.04	-0.65	
27.6	1.04	-0.65	1.04	-0.65	1.04	-0.65	
27.7	1.04	-0.65	1.04	-0.65	1.04	-0.65	
27.8	1.04	-0.65	1.04	-0.65	1.04	-0.65	
27.9	1.04	-0.65	1.04	-0.65	1.04	-0.65	
28.0	1.04	-0.66	1.04	-0.66	1.04	-0.65	
28.1	1.04	-0.66	1.04	-0.66	1.04	-0.66	
28.2	1.04	-0.66	1.04	-0.66	1.04	-0.66	
28.3	1.04	-0.66	1.04	-0.66	1.04	-0.66	
28.4	1.04	-0.66	1.04	-0.66	1.04	-0.66	
28.5	1.04	-0.66	1.04	-0.66	1.04	-0.66	
28.6	1.04	-0.66	1.04	-0.66	1.04	-0.66	
28.7	1.04	-0.66	1.04	-0.66	1.04	-0.66	
28.8	1.04	-0.66	1.04	-0.66	1.04	-0.66	
28.9	1.04	-0.66	1.04	-0.66	1.04	-0.66	
29.0	1.04	-0.66	1.04	-0.66	1.04	-0.66	
29.1	1.03	-0.66	1.04	-0.66	1.03	-0.66	
29.2	1.03	-0.66	1.03	-0.66	1.03	-0.66	
29.3	1.03	-0.66	1.03	-0.66	1.03	-0.66	
29.4	1.03	-0.66	1.03	-0.66	1.03	-0.66	
29.5	1.03	-0.66	1.03	-0.66	1.03	-0.66	
29.6	1.03	-0.66	1.03	-0.66	1.03	-0.66	
29.7	1.03	-0.66	1.03	-0.66	1.03	-0.66	
29.8	1.03	-0.66	1.03	-0.66	1.03	-0.66	
29.9	1.03	-0.66	1.03	-0.66	1.03	-0.66	
30.0	1.03	-0.66	1.03	-0.66	1.03	-0.66	
30.1	1.03	-0.66	1.03	-0.66	1.03	-0.66	
30.2	1.03	-0.66	1.03	-0.66	1.03	-0.66	
30.3	1.03	-0.66	1.03	-0.66	1.03	-0.66	
30.4	1.03	-0.66	1.03	-0.66	1.03	-0.66	
30.5	1.03	-0.66	1.03	-0.66	1.03	-0.66	
30.6	1.03	-0.66	1.03	-0.66	1.03	-0.66	
30.7	1.03	-0.66	1.03	-0.66	1.03	-0.66	
30.8	1.03	-0.66	1.03	-0.66	1.03	-0.66	
30.9	1.03	-0.66	1.03	-0.66	1.03	-0.66	
31.0	1.03	-0.66	1.03	-0.66	1.03	-0.65	
31.1	1.03	-0.65	1.03	-0.66	1.03	-0.65	
31.2	1.03	-0.65	1.03	-0.65	1.03	-0.65	
31.3	1.03	-0.65	1.03	-0.65	1.03	-0.65	
31.4	1.03	-0.65	1.03	-0.65	1.03	-0.65	
31.5	1.03	-0.65	1.03	-0.65	1.03	-0.65	
31.6	1.03	-0.65	1.03	-0.65	1.03	-0.65	
31.7	1.03	-0.65	1.03	-0.65	1.03	-0.65	
31.8	1.03	-0.65	1.03	-0.65	1.03	-0.65	
31.9	1.03	-0.65	1.03	-0.65	1.03	-0.65	
32.0	1.03	-0.65	1.03	-0.65	1.03	-0.65	
32.1	1.03	-0.65	1.03	-0.65	1.03	-0.65	
32.2	1.03	-0.65	1.03	-0.65	1.03	-0.65	
32.3	1.03	-0.65	1.03	-0.65	1.03	-0.65	
32.4	1.03	-0.65	1.03	-0.65	1.03	-0.65	
32.5	1.03	-0.65	1.03	-0.65	1.03	-0.65	
32.6	1.03	-0.65	1.03	-0.65	1.03	-0.65	
32.7	1.03	-0.65	1.03	-0.65	1.03	-0.65	
32.8	1.03	-0.65	1.03	-0.65	1.03	-0.65	
32.9	1.03	-0.65	1.03	-0.65	1.03	-0.65	
33.0	1.03	-0.65	1.03	-0.65	1.03	-0.65	
33.1	1.03	-0.65	1.03	-0.65	1.03	-0.65	
33.2	1.03	-0.65	1.03	-0.65	1.03	-0.65	
33.3	1.03	-0.65	1.03	-0.65	1.03	-0.65	
33.4	1.03	-0.65	1.03	-0.65	1.03	-0.65	
33.5	1.03	-0.65	1.03	-0.65	1.03	-0.65	
33.6	1.03	-0.65	1.03	-0.65	1.03	-0.65	
33.7	1.03	-0.65	1.03	-0.65	1.03	-0.65	
33.8	1.03	-0.65	1.03	-0.65	1.03	-0.65	
33.9	1.03	-0.65	1.03	-0.65	1.03	-0.65	
34.0	1.03	-0.65	1.03	-0.65	1.03	-0.65	
34.1	1.03	-0.65	1.03	-0.66	1.03	-0.65	
34.2	1.03	-0.65	1.03	-0.66	1.03	-0.65	
34.3	1.03	-0.66	1.03	-0.66	1.03	-0.65	
34.4	1.03	-0.66	1.03	-0.66	1.03	-0.66	
34.5	1.03	-0.66	1.03	-0.66	1.03	-0.66	
34.6	1.03	-0.66	1.03	-0.66	1.03	-0.66	
34.7	1.03	-0.66	1.03	-0.66	1.03	-0.66	
34.8	1.03	-0.66	1.03	-0.66	1.03	-0.66	
34.9	1.03	-0.66	1.03	-0.66	1.03	-0.66	
35.0	1.03	-0.66	1.03	-0.66	1.03	-0.66	
35.1	1.03	-0.66	1.03	-0.66	1.03	-0.66	
35.2	1.03	-0.66	1.03	-0.66	1.03	-0.66	
35.3	1.03	-0.66	1.03	-0.66	1.03	-0.66	
35.4	1.03	-0.66	1.03	-0.66	1.03	-0.66	
35.5	1.03	-0.66	1.03	-0.66	1.03	-0.66	
35.6	1.03	-0.66	1.03	-0.66	1.03	-0.66	
35.7	1.03	-0.66	1.03	-0.66	1.03	-0.66	
35.8	1.03	-0.66	1.03	-0.66	1.03	-0.66	
35.9	1.03	-0.66	1.03	-0.66	1.03	-0.66	
36.0	1.03	-0.66	1.03	-0.66	1.03	-0.66	
36.1	1.03	-0.66	1.03	-0.66	1.03	-0.66	
36.2	1.03	-0.66	1.03	-0.66	1.03	-0.66	
36.3	1.03	-0.66	1.03	-0.66	1.03	-0.66	
36.4	1.03	-0.66	1.03	-0.66	1.03	-0.66	
36.5	1.03	-0.66	1.03	-0.66	1.03	-0.66	
36.6	1.03	-0.66	1.03	-0.66	1.03	-0.66	
36.7	1.03	-0.66	1.03	-0.66	1.03	-0.66	
36.8	1.03	-0.66	1.03	-0.66	1.03	-0.66	
36.9	1.03	-0.66	1.03	-0.66	1.03	-0.66	
37.0	1.03	-0.66	1.03	-0.66	1.03	-0.65	
37.1	1.03	-0.66	1.03	-0.66	1.03	-0.65	
37.2	1.03	-0.66	1.03	-0.66	1.03	-0.65	
37.3	1.03	-0.65	1.03	-0.66	1.03	-0.65	
37.4	1.03	-0.65	1.03	-0.66	1.03	-0.65	
37.5	1.03	-0.65	1.03	-0.65	1.03	-0.65	
37.6	1.03	-0.65	1.03	-0.65	1.03	-0.65	
37.7	1.03	-0.65	1.03	-0.65	1.03	-0.65	
37.8	1.03	-0.65	1.03	-0.65	1.03	-0.65	
37.9	1.03	-0.65	1.03	-0.65	1.03	-0.65	
38.0	1.03	-0.65	1.03	-0.65	1.03	-0.65	
38.1	1.03	-0.65	1.03	-0.65	1.03	-0.65	
38.2	1.03	-0.65	1.03	-0.65	1.03	-0.65	
38.3	1.03	-0.65	1.03	-0.65	1.03	-0.65	
38.4	1.03	-0.65	1.03	-0.65	1.03	-0.65	
38.5	1.03	-0.65	1.03	-0.65	1.03	-0.65	
38.6	1.03	-0.65	1.03	-0.65	1.03	-0.65	
38.7	1.03	-0.65	1.03	-0.65	1.03	-0.65	
38.8	1.03	-0.65	1.03	-0.65	1.03	-0.65	
38.9	1.03	-0.65	1.03	-0.65	1.03	-0.65	
39.0	1.03	-0.65	1.03	-0.65	1.03	-0.65	
39.1	1.03	-0.65	1.03	-0.65	1.03	-0.65	
39.2	1.03	-0.65	1.03	-0.65	1.03	-0.65	
39.3	1.03	-0.65	1.03	-0.65	1.03	-0.65	
39.4	1.03	-0.65	1.03	-0.65	1.03	-0.65	
39.5	1.03	-0.65	1.03	-0.65	1.03	-0.65	
39.6	1.03	-0.65	1.03	-0.65	1.03	-0.65	
39.7	1.03	-0.65	1.03	-0.65	1.03	-0.65	
39.8	1.03	-0.65	1.03	-0.65	1.03	-0.65	
39.9	1.03	-0.65	1.03	-0.65	1.03	-0.65	
40.0	1.03	-0.65	1.03	-0.65	1.03	-0.65	
40.1	1.03	-0.65	1.03	-0.66	1.03	-0.65	
40.2	1.03	-0.65	1.03	-0.66	1.03	-0.65	
40.3	1.03	-0.65	1.03	-0.66	1.03	-0.65	
40.4	1.03	-0.65	1.03	-0.66	1.03	-0.65	
40.5	1.03	-0.66	1.03	-0.66	1.03	-0.65	
40.6	1.03	-0.66	1.03	-0.66	1.03	-0.65	
40.7	1.03	-0.66	1.03	-0.66	1.03	-0.65	
40.8	1.03	-0.66	1.03	-0.66	1.03	-0.65	
40.9	1.03	-0.66	1.03	-0.66	1.03	-0.65	
41.0	1.03	-0.66	1.03	-0.66	1.03	-0.65	
41.1	1.03	-0.66	1.03	-0.66	1.03	-0.66	
41.2	1.03	-0.66	1.03	-0.66	1.03	-0.66	
41.3	1.03	-0.66	1.03	-0.66	1.03	-0.66	
41.4	1.03	-0.66	1.03	-0.66	1.03	-0.66	
41.5	1.03	-0.66	1.03	-0.66	1.03	-0.66	
41.6	1.03	-0.66	1.03	-0.66	1.03	-0.66	
41.7	1.03	-0.66	1.03	-0.66	1.03	-0.66	
41.8	1.03	-0.66	1.03	-0.66	1.03	-0.66	
41.9	1.03	-0.66	1.03	-0.66	1.03	-0.66	
42.0	1.03	-0.66	1.03	-0.66	1.03	-0.66	
42.1	1.03	-0.66	1.03	-0.66	1.03	-0.66	
42.2	1.03	-0.66	1.03	-0.66	1.03	-0.66	
42.3	1.03	-0.66	1.03	-0.66	1.03	-0.66	
42.4	1.03	-0.66	1.03	-0.66	1.03	-0.66	
42.5	1.03	-0.66	1.03	-0.66	1.03	-0.65	
42.6	1.03	-0.66	1.03	-0.66	1.03	-0.65	
42.7	1.03	-0.66	1.03	-0.66	1.03	-0.65	
42.8	1.03	-0.66	1.03	-0.66	1.03	-0.65	
42.9	1.03	-0.66	1.03	-0.66	1.03	-0.65	
43.0	1.03	-0.66	1.03	-0.66	1.03	-0.65	
43.1	1.03	-0.66	1.03	-0.66	1.03	-0.65	
43.2	1.03	-0.66	1.03	-0.66	1.03	-0.65	
43.3	1.03	-0.65	1.03	-0.66	1.03	-0.65	
43.4	1.03	-0.65	1.03	-0.66	1.03	-0.65	
43.5	1.03	-0.65	1.03	-0.66	1.03	-0.65	
43.6	1.03	-0.65	1.03	-0.66	1.03	-0.65	
43.7	1.03	-0.65	1.03	-0.66	1.03	-0.65	
43.8	1.03	-0.65	1.03	-0.66	1.03	-0.65	
43.9	1.03	-0.65	1.03	-0.66	1.03	-0.65	
44.0	1.03	-0.65	1.03	-0.66	1.03	-0.65	
44.1	1.03	-0.65	1.03	-0.66	1.03	-0.65	
44.2	1.03	-0.65	1.03	-0.66	1.03	-0.65	
44.3	1.03	-0.65	1.03	-0.65	1.03	-0.65	
44.4	1.03	-0.65	1.03	-0.65	1.03	-0.65	
44.5	1.03	-0.65	1.03	-0.65	1.03	-0.65	
44.6	1.03	-0.65	1.03	-0.65	1.03	-0.65	
44.7	1.03	-0.65	1.03	-0.65	1.03	-0.65	
44.8	1.03	-0.65	1.03	-0.65	1.03	-0.65	
44.9	1.03	-0.65	1.03	-0.65	1.03	-0.65	
45.0	1.03	-0.65	1.03	-0.65	1.03	-0.65	
45.1	1.03	-0.65	1.03	-0.65	1.03	-0.65	
45.2	1.03	-0.65	1.03	-0.65	1.03	-0.65	
45.3	1.03	-0.65	1.03	-0.65	1.03	-0.65	
45.4	1.03	-0.65	1.03	-0.65	1.03	-0.65	
45.5	1.03	-0.65	1.03	-0.65	1.03	-0.65	
45.6	1.03	-0.65	1.03	-0.66	1.03	-0.65	
45.7	1.03	-0.65	1.03	-0.66	1.03	-0.65	
45.8	1.03	-0.65	1.03	-0.66	1.03	-0.65	
45.9	1.03	-0.65	1.03	-0.66	1.03	-0.65	
46.0	1.03	-0.65	1.03	-0.66	1.03	-0.65	
46.1	1.03	-0.65	1.03	-0.66	1.03	-0.65	
46.2	1.03	-0.65	1.03	-0.66	1.03	-0.65	
46.3	1.03	-0.65	1.03	-0.66	1.03	-0.65	
46.4	1.03	-0.65	1.03	-0.66	1.03	-0.65	
46.5	1.03	-0.65	1.03	-0.66	1.03	-0.65	
46.6	1.03	-0.65	1.03	-0.66	1.03	-0.65	
46.7	1.03	-0.65	1.03	-0.66	1.03	-0.65	
46.8	1.03	-0.65	1.03	-0.66	1.03	-0.65	
46.9	1.03	-0.65	1.03	-0.66	1.03	-0.65	
47.0	1.03	-0.66	1.03	-0.66	1.03	-0.65	
47.1	1.03	-0.66	1.03	-0.66	1.03	-0.65	
47.2	1.03	-0.66	1.03	-0.66	1.03	-0.65	
47.3	1.03	-0.66	1.03	-0.66	1.03	-0.65	
47.4	1.03	-0.66	1.03	-0.66	1.03	-0.65	
47.5	1.03	-0.66	1.03	-0.66	1.03	-0.65	
47.6	1.03	-0.66	1.03	-0.66	1.03	-0.65	
47.7	1.03	-0.66	1.03	-0.66	1.03	-0.65	
47.8	1.03	-0.66	1.03	-0.66	1.03	-0.65	
47.9	1.03	-0.66	1.03	-0.66	1.03	-0.65	
48.0	1.03	-0.66	1.03	-0.66	1.03	-0.65	
48.1	1.03	-0.66	1.03	-0.66	1.03	-0.65	
48.2	1.03	-0.66	1.03	-0.66	1.03	-0.65	
48.3	1.03	-0.66	1.03	-0.66	1.03	-0.65	
48.4	1.03	-0.66	1.03	-0.66	1.03	-0.65	
48.5	1.03	-0.66	1.03	-0.66	1.03	-0.65	
48.6	1.03	-0.66	1.03	-0.66	1.03	-0.65	
48.7	1.03	-0.66	1.03	-0.66	1.03	-0.65	
48.8	1.03	-0.66	1.03	-0.66	1.03	-0.65	
48.9	1.03	-0.66	1.03	-0.66	1.03	-0.65	
49.0	1.03	-0.66	1.03	-0.66	1.03	-0.65	
49.1	1.03	-0.66	1.03	-0.66	1.03	-0.65	
49.2	1.03	-0.65	1.03	-0.66	1.03	-0.65	
49.3	1.03	-0.65	1.03	-0.66	1.03	-0.65	
49.4	1.03	-0.65	1.03	-0.66	1.03	-0.65	
49.5	1.03	-0.65	1.03	-0.66	1.03	-0.65	
49.6	1.03	-0.65	1.03	-0.66	1.03	-0.65	
49.7	1.03	-0.65	1.03	-0.66	1.03	-0.65	
49.8	1.03	-0.65	1.03	-0.66	1.03	-0.65	
49.9	1.03	-0.65	1.03	-0.66	1.03	-0.65	
50.0	1.03	-0.65	1.03	-0.66	1.03	-0.65	
50.1	1.03	-0.65	1.03	-0.66	1.03	-0.65	
50.2	1.03	-0.65	1.03	-0.66	1.03	-0.65	
50.3	1.03	-0.65	1.03	-0.66	1.03	-0.65	
50.4	1.03	-0.65	1.03	-0.66	1.03	-0.65	
50.5	1.03	-0.65	1.03	-0.66	1.03	-0.65	
50.6	1.03	-0.65	1.03	-0.66	1.03	-0.65	
50.7	1.03	-0.65	1.03	-0.66	1.03	-0.65	
50.8	1.03	-0.65	1.03	-0.66	1.03	-0.65	
50.9	1.03	-0.65	1.03	-0.66	1.03	-0.65	
51.0	1.03	-0.65	1.03	-0.66	1.03	-0.65	
51.1	1.03	-0.65	1.03	-0.66	1.03	-0.65	
51.2	1.03	-0.65	1.03	-0.66	1.03	-0.65	
51.3	1.03	-0.65	1.03	-0.66	1.03	-0.65	
51.4	1.03	-0.65	1.03	-0.66	1.03	-0.65	
51.5	1.03	-0.65	1.03	-0.66	1.03	-0.65	
51.6	1.03	-0.65	1.03	-0.66	1.03	-0.65	
51.7	1.03	-0.65	1.03	-0.66	1.03	-0.65	
51.8	1.03	-0.65	1.03	-0.66	1.03	-0.65	
51.9	1.03	-0.65	1.03	-0.66	1.03	-0.65	
52.0	1.03	-0.65	1.03	-0.66	1.03	-0.65	
52.1	1.03	-0.65	1.03	-0.66	1.03	-0.65	
52.2	1.03	-0.65	1.03	-0.66	1.03	-0.65	
52.3	1.03	-0.65	1.03	-0.66	1.03	-0.65	
52.4	1.03	-0.65	1.03	-0.66	1.03	-0.65	
52.5	1.03	-0.65	1.03	-0.66	1.03	-0.65	
52.6	1.03	-0.65	1.03	-0.66	1.03	-0.65	
52.7	1.03	-0.65	1.03	-0.66	1.03	-0.65	
52.8	1.03	-0.65	1.03	-0.66	1.03	-0.65	
52.9	1.03	-0.65	1.03	-0.66	1.03	-0.65	
53.0	1.03	-0.65	1.03	-0.66	1.03	-0.65	
53.1	1.03	-0.65	1.03	-0.66	1.03	-0.65	
53.2	1.03	-0.65	1.03	-0.66	1.03	-0.65	
53.3	1.03	-0.65	1.03	-0.66	1.03	-0.65	
53.4	1.03	-0.65	1.03	-0.66	1.03	-0.65	
53.5	1.03	-0.65	1.03	-0.66	1.03	-0.65	
53.6	1.03	-0.65	1.03	-0.66	1.03	-0.65	
53.7	1.03	-0.65	1.03	-0.66	1.03	-0.65	
53.8	1.03	-0.65	1.03	-0.66	1.03	-0.65	
53.9	1.03	-0.65	1.03	-0.66	1.03	-0.65	
54.0	1.03	-0.65	1.03	-0.66	1.03	-0.65	
54.1	1.03	-0.65	1.03	-0.66	1.03	-0.65	
54.2	1.03	-0.65	1.03	-0.66	1.03	-0.65	
54.3	1.03	-0.65	1.03	-0.66	1.03	-0.65	
54.4	1.03	-0.65	1.03	-0.66	1.03	-0.65	
54.5	1.03	-0.65	1.03	-0.66	1.03	-0.65	
54.6	1.03	-0.65	1.03	-0.66	1.03	-0.65	
54.7	1.03	-0.65	1.03	-0.66	1.03	-0.65	
54.8	1.03	-0.65	1.03	-0.66	1.03	-0.65	
54.9	1.03	-0.65	1.03	-0.66	1.03	-0.65	
55.0	1.03	-0.65	1.03	-0.66	1.03	-0.65	
55.1	1.03	-0.65	1.03	-0.66	1.03	-0.65	
55.2	1.03	-0.65	1.03	-0.66	1.03	-0.65	
55.3	1.03	-0.65	1.03	-0.66	1.03	-0.65	
55.4	1.03	-0.65	1.03	-0.66	1.03	-0.65	
55.5	1.03	-0.65	1.03	-0.66	1.03	-0.65	
55.6	1.03	-0.65	1.03	-0.66	1.03	-0.65	
55.7	1.03	-0.65	1.03	-0.66	1.03	-0.65	
55.8	1.03	-0.65	1.03	-0.66	1.03	-0.65	
55.9	1.03	-0.65	1.03	-0.66	1.03	-0.65	
56.0	1.03	-0.65	1.03	-0.66	1.03	-0.65	
56.1	1.03	-0.65	1.03	-0.66	1.03	-0.65	
56.2	1.03	-0.65	1.03	-0.66	1.03	-0.65	
56.3	1.03	-0.65	1.03	-0.66	1.03	-0.65	
56.4	1.03	-0.65	1.03	-0.66	1.03	-0.65	
56.5	1.03	-0.65	1.03	-0.66	1.03	-0.65	
56.6	1.03	-0.65	1.03	-0.66	1.03	-0.65	
56.7	1.03	-0.65	1.03	-0.66	1.03	-0.65	
56.8	1.03	-0.65	1.03	-0.66	1.03	-0.65	
56.9	1.03	-0.65	1.03	-0.66	1.03	-0.65	
57.0	1.03	-0.65	1.03	-0.66	1.03	-0.65	
57.1	1.03	-0.65	1.03	-0.66	1.03	-0.65	
57.2	1.03	-0.65	1.03	-0.66	1.03	-0.65	
57.3	1.03	-0.65	1.03	-0.66	1.03	-0.65	
57.4	1.03	-0.65	1.03	-0.66	1.03	-0.65	
57.5	1.03	-0.65	1.03	-0.66	1.03	-0.65	
57.6	1.03	-0.65	1.03	-0.66	1.03	-0.65	
57.7	1.03	-0.65	1.03	-0.66	1.03	-0.65	
57.8	1.03	-0.65	1.03	-0.66	1.03	-0.65	
57.9	1.03	-0.65	1.03	-0.66	1.03	-0.65	
58.0	1.03	-0.65	1.03	-0.66	1.03	-0.65	
58.1	1.03	-0.65	1.03	-0.66	1.03	-0.65	
58.2	1.03	-0.65	1.03	-0.66	1.03	-0.65	
58.3	1.03	-0.65	1.03	-0.66	1.03	-0.65	
58.4	1.03	-0.65	1.03	-0.66	1.03	-0.65	
58.5	1.03	-0.65	1.03	-0.66	1.03	-0.65	
58.6	1.03	-0.65	1.03	-0.66	1.03	-0.65	
58.7	1.03	-0.65	1.03	-0.66	1.03	-0.65	
58.8	1.03	-0.65	1.03	-0.66	1.03	-0.65	
58.9	1.03	-0.65	1.03	-0.66	1.03	-0.65	
59.0	1.03	-0.65	1.03	-0.66	1.03	-0.65	
59.1	1.03	-0.65	1.03	-0.66	1.03	-0.65	
59.2	1.03	-0.65	1.03	-0.66	1.03	-0.65	
59.3	1.03	-0.65	1.03	-0.66	1.03	-0.65	
59.4	1.03	-0.65	1.03	-0.66	1.03	-0.65	
59.5	1.03	-0.65	1.03	-0.66	1.03	-0.65	
59.6	1.03	-0.65	1.03	-0.66	1.03	-0.65	
59.7	1.03	-0.65	1.03	-0.66	1.03	-0.65	
59.8	1.03	-0.65	1.03	-0.66	1.03	-0.65	
59.9	1.03	-0.65	1.03	-0.66	1.03	-0.65	
60.0	1.03	-0.65	1.03	-0.66	1.03	-0.65	
60.1	1.03	-0.65	1.03	-0.66	1.03	-0.65	
60.2	1.03	-0.65	1.03	-0.66	1.03	-0.65	
60.3	1.03	-0.65	1.03	-0.66	1.03	-0.65	
60.4	1.03	-0.65	1.03	-0.66	1.03	-0.65	
60.5	1.03	-0.65	1.03	-0.66	1.03	-0.65	
60.6	1.03	-0.65	1.03	-0.66	1.03	-0.65	
60.7	1.03	-0.65	1.03	-0.66	1.03	-0.65	
60.8	1.03	-0.65	1.03	-0.66	1.03	-0.65	
60.9	1.03	-0.65	1.03	-0.66	1.03	-0.65	
61.0	1.03	-0.65	1.03	-0.66	1.03	-0.65	
61.1	1.03	-0.65	1.03	-0.66	1.03	-0.65	
61.2	1.03	-0.65	1.03	-0.66	1.03	-0.65	
61.3	1.03	-0.65	1.03	-0.66	1.03	-0.65	
61.4	1.03	-0.65	1.03	-0.66	1.03	-0.65	
61.5	1.03	-0.65	1.03	-0.66	1.03	-0.65	
61.6	1.03	-0.65	1.03	-0.66	1.03	-0.65	
61.7	1.03	-0.65	1.03	-0.66	1.03	-0.65	
61.8	1.03	-0.65	1.03	-0.66	1.03	-0.65	
61.9	1.03	-0.65	1.03	-0.66	1.03	-0.65	
62.0	1.03	-0.65	1.03	-0.66	1.03	-0.65	
62.1	1.03	-0.65	1.03	-0.66	1.03	-0.65	
62.2	1.03	-0.65	1.03	-0.66	1.03	-0.65	
62.3	1.03	-0.65	1.03	-0.66	1.03	-0.65	
62.4	1.03	-0.65	1.03	-0.66	1.03	-0.65	
62.5	1.03	-0.65	1.03	-0.66	1.03	-0.65	
62.6	1.03	-0.65	1.03	-0.66	1.03	-0.65	
62.7	1.03	-0.65	1.03	-0.66	1.03	-0.65	
62.8	1.03	-0.65	1.03	-0.66	1.03	-0.65	
62.9	1.03	-0.65	1.03	-0.66	1.03	-0.65	
63.0	1.03	-0.65	1.03	-0.66	1.03	-0.65	
63.1	1.03	-0.65	1.03	-0.66	1.03	-0.65	
63.2	1.03	-0.65	1.03	-0.66	1.03	-0.65	
63.3	1.03	-0.65	1.03	-0.66	1.03	-0.65	
63.4	1.03	-0.65	1.03	-0.66	1.03	-0.65	
63.5	1.03	-0.65	1.03	-0.66	1.03	-0.65	
63.6	1.03	-0.65	1.03	-0.66	1.03	-0.65	
63.7	1.03	-0.65	1.03	-0.66	1.03	-0.65	
63.8	1.03	-0.65	1.03	-0.66	1.03	-0.65	
63.9	1.03	-0.65	1.03	-0.66	1.03	-0.65	
64.0	1.03	-0.65	1.03	-0.66	1.03	-0.65	
64.1	1.03	-0.65	1.03	-0.66	1.03	-0.65	
64.2	1.03	-0.65	1.03	-0.66	1.03	-0.65	
64.3	1.03	-0.65	1.03	-0.66	1.03	-0.65	
64.4	1.03	-0.65	1.03	-0.66	1.03	-0.65	
64.5	1.03	-0.65	1.03	-0.66	1.03	-0.65	
64.6	1.03	-0.65	1.03	-0.66	1.03	-0.65	
64.7	1.03	-0.65	1.03	-0.66	1.03	-0.65	
64.8	1.03	-0.65	1.03	-0.66	1.03	-0.65	
64.9	1.03	-0.65	1.03	-0.66	1.03	-0.65	
65.0	1.03	-0.65	1.03	-0.66	1.03	-0.65	
65.1	1.03	-0.65	1.03	-0.66	1.03	-0.65	
65.2	1.03	-0.65	1.03	-0.66	1.03	-0.65	
65.3	1.03	-0.65	1.03	-0.66	1.03	-0.65	
65.4	1.03	-0.65	1.03	-0.66	1.03	-0.65	
65.5	1.03	-0.65	1.03	-0.66	1.03	-0.65	
65.6	1.03	-0.65	1.03	-0.66	1.03	-0.65	
65.7	1.03	-0.65	1.03	-0.66	1.03	-0.65	
65.8	1.03	-0.65	1.03	-0.66	1.03	-0.65	
65.9	1.03	-0.65	1.03	-0.66	1.03	-0.65	
66.0	1.03	-0.65	1.03	-0.66	1.03	-0.65	
66.1	1.03	-0.65	1.03	-0.66	1.03	-0.65	
66.2	1.03	-0.65	1.03	-0.66	1.03	-0.65	
66.3	1.03	-0.65	1.03	-0.66	1.03	-0.65	
66.4	1.03	-0.65	1.03	-0.66	1.03	-0.65	
66.5	1.03	-0.65	1.03	-0.66	1.03	-0.65	
66.6	1.03	-0.65	1.03	-0.66	1.03	-0.65	
66.7	1.03	-0.65	1.03	-0.66	1.03	-0.65	
66.8	1.03	-0.65	1.03	-0.66	1.03	-0.65	
66.9	1.03	-0.65	1.03	-0.66	1.03	-0.65	
67.0	1.03	-0.65	1.03	-0.66	1.03	-0.65	
67.1	1.03	-0.65	1.03	-0.66	1.03	-0.65	
67.2	1.03	-0.65	1.03	-0.66	1.03	-0.65	
67.3	1.03	-0.65	1.03	-0.66	1.03	-0.65	
67.4	1.03	-0.65	1.03	-0.66	1.03	-0.65	
67.5	1.03	-0.65	1.03	-0.66	1.03	-0.65	
67.6	1.03	-0.65	1.03	-0.66	1.03	-0.65	
67.7	1.03	-0.65	1.03	-0.66	1.03	-0.65	
67.8	1.03	-0.65	1.03	-0.66	1.03	-0.65	
67.9	1.03	-0.65	1.03	-0.66	1.03	-0.65	
68.0	1.03	-0.65	1.03	-0.66	1.03	-0.65	
68.1	1.03	-0.65	1.03	-0.66	1.03	-0.65	
68.2	1.03	-0.65	1.03	-0.66	1.03	-0.65	
68.3	1.03	-0.65	1.03	-0.66	1.03	-0.65	
68.4	1.03	-0.65	1.03	-0.66	1.03	-0.65	
68.5	1.03	-0.65	1.03	-0.66	1.03	-0.65	
68.6	1.03	-0.65	1.03	-0.66	1.03	-0.65	
68.7	1.03	-0.65	1.03	-0.66	1.03	-0.65	
68.8	1.03	-0.65	1.03	-0.66	1.03	-0.65	
68.9	1.03	-0.65	1.03	-0.66	1.03	-0.65	
69.0	1.03	-0.65	1.03	-0.66	1.03	-0.65	
69.1	1.03	-0.65	1.03	-0.66	1.03	-0.65	
69.2	1.03	-0.65	1.03	-0.66	1.03	-0.65	
69.3	1.03	-0.65	1.03	-0.66	1.03	-0.65	
69.4	1.03	-0.65	1.03	-0.66	1.03	-0.65	
69.5	1.03	-0.65	1.03	-0.66	1.03	-0.65	
69.6	1.03	-0.65	1.03	-0.66	1.03	-0.65	
69.7	1.03	-0.65	1.03	-0.66	1.03	-0.65	
69.8	1.03	-0.65	1.03	-0.66	1.03	-0.65	
69.9	1.03	-0.65	1.03	-0.66	1.03	-0.65	
70.0	1.03	-0.65	1.03	-0.66	1.03	-0.65	
70.1	1.03	-0.65	1.03	-0.66	1.03	-0.65	
70.2	1.03	-0.65	1.03	-0.66	1.03	-0.65	
70.3	1.03	-0.65	1.03	-0.66	1.03	-0.65	
70.4	1.03	-0.65	1.03	-0.66	1.03	-0.65	
70.5	1.03	-0.65	1.03	-0.66	1.03	-0.65	
70.6	1.03	-0.65	1.03	-0.66	1.03	-0.65	
70.7	1.03	-0.65	1.03	-0.66	1.03	-0.65	
70.8	1.03	-0.65	1.03	-0.66	1.03	-0.65	
70.9	1.03	-0.65	1.03	-0.66	1.03	-0.65	
71.0	1.03	-0.65	1.03	-0.66	1.03	-0.65	
71.1	1.03	-0.65	1.03	-0.66	1.03	-0.65	
71.2	1.03	-0.65	1.03	-0.66	1.03	-0.65	
71.3	1.03	-0.65	1.03	-0.66	1.03	-0.65	
71.4	1.03	-0.65	1.03	-0.66	1.03	-0.65	
71.5	1.03	-0.65	1.03	-0.66	1.03	-0.65	
71.6	1.03	-0.65	1.03	-0.66	1.03	-0.65	
71.7	1.03	-0.65	1.03	-0.66	1.03	-0.65	
71.8	1.03	-0.65	1.03	-0.66	1.03	-0.65	
71.9	1.03	-0.65	1.03	-0.66	1.03	-0.65	
72.0	1.03	-0.65	1.03	-0.66	1.03	-0.65	
72.1	1.03	-0.65	1.03	-0.66	1.03	-0.65	
72.2	1.03	-0.65	1.03	-0.66	1.03	-0.65	
72.3	1.03	-0.65	1.03	-0.66	1.03	-0.65	
72.4	1.03	-0.65	1.03	-0.66	1.03	-0.65	
72.5	1.03	-0.65	1.03	-0.66	1.03	-0.65	
72.6	1.03	-0.65	1.03	-0.66	1.03	-0.65	
72.7	1.03	-0.65	1.03	-0.66	1.03	-0.65	
72.8	1.03	-0.65	1.03	-0.66	1.03	-0.65	
72.9	1.03	-0.65	1.03	-0.66	1.03	-0.65	
73.0	1.03	-0.65	1.03	-0.66	1.03	-0.65	
73.1	1.03	-0.65	1.03	-0.66	1.03	-0.65	
73.2	1.03	-0.65	1.03	-0.66	1.03	-0.65	
73.3	1.03	-0.65	1.03	-0.66	1.03	-0.65	
73.4	1.03	-0.65	1.03	-0.66	1.03	-0.65	
73.5	1.03	-0.65	1.03	-0.66	1.03	-0.65	
73.6	1.03	-0.65	1.03	-0.66	1.03	-0.65	
73.7	1.03	-0.65	1.03	-0.66	1.03	-0.65	
73.8	1.03	-0.65	1.03	-0.66	1.03	-0.65	
73.9	1.03	-0.65	1.03	-0.66	1.03	-0.65	
74.0	1.03	-0.65	1.03	-0.66	1.03	-0.65	
74.1	1.03	-0.65	1.03	-0.66	1.03	-0.65	
74.2	1.03	-0.65	1.03	-0.66	1.03	-0.65	
74.3	1.03	-0.65	1.03	-0.66	1.03	-0.65	
74.4	1.03	-0.65	1.03	-0.66	1.03	-0.65	
74.5	1.03	-0.65	1.03	-0.66	1.03	-0.65	
74.6	1.03	-0.65	1.03	-0.66	1.03	-0.65	
74.7	1.03	-0.65	1.03	-0.66	1.03	-0.65	
74.8	1.03	-0.65	1.03	-0.66	1.03	-0.65	
74.9	1.03	-0.65	1.03	-0.66	1.03	-0.65	
75.0	1.03	-0.65	1.03	-0.66	1.03	-0.65	
75.1	1.03	-0.65	1.03	-0.66	1.03	-0.65	
75.2	1.03	-0.65	1.03	-0.66	1.03	-0.65	
75.3	1.03	-0.65	1.03	-0.66	1.03	-0.65	
75.4	1.03	-0.65	1.03	-0.66	1.03	-0.65	
75.5	1.03	-0.65	1.03	-0.66	1.03	-0.65	
75.6	1.03	-0.65	1.03	-0.66	1.03	-0.65	
75.7	1.03	-0.65	1.03	-0.66	1.03	-0.65	
75.8	1.03	-0.65	1.03	-0.66	1.03	-0.65	
75.9	1.03	-0.65	1.03	-0.66	1.03	-0.65	
76.0	1.03	-0.65	1.03	-0.66	1.03	-0.65	
76.1	1.03	-0.65	1.03	-0.66	1.03	-0.65	
76.2	1.03	-0.65	1.03	-0.66	1.03	-0.65	
76.3	1.03	-0.65	1.03	-0.66	1.03	-0.65	
76.4	1.03	-0.65	1.03	-0.66	1.03	-0.65	
76.5	1.03	-0.65	1.03	-0.66	1.03	-0.65	
76.6	1.03	-0.65	1.03	-0.66	1.03	-0.65	
76.7	1.03	-0.65	1.03	-0.66	1.03	-0.65	
76.8	1.03	-0.65	1.03	-0.66	1.03	-0.65	
76.9	1.03	-0.65	1.03	-0.66	1.03	-0.65	
77.0	1.03	-0.65	1.03	-0.66	1.03	-0.65	
77.1	1.03	-0.65	1.03	-0.66	1.03	-0.65	
77.2	1.03	-0.65	1.03	-0.66	1.03	-0.65	
77.3	1.03	-0.65	1.03	-0.66	1.03	-0.65	
77.4	1.03	-0.65	1.03	-0.66	1.03	-0.65	
77.5	1.03	-0.65	1.03	-0.66	1.03	-0.65	
77.6	1.03	-0.65	1.03	-0.66	1.03	-0.65	
77.7	1.03	-0.65	1.03	-0.66	1.03	-0.65	
77.8	1.03	-0.65	1.03	-0.66	1.03	-0.65	
77.9	1.03	-0.65	1.03	-0.66	1.03	-0.65	
78.0	1.03	-0.65	1.03	-0.66	1.03	-0.65	
78.1	1.03	-0.65	1.03	-0.66	1.03	-0.65	
78.2	1.03	-0.65	1.03	-0.66	1.03	-0.65	
78.3	1.03	-0.65	1.03	-0.66	1.03	-0.65	
78.4	1.03	-0.65	1.03	-0.66	1.03	-0.65	
78.5	1.03	-0.65	1.03	-0.66	1.03	-0.65	
78.6	1.03	-0.65	1.03	-0.66	1.03	-0.65	
78.7	1.03	-0.65	1.03	-0.66	1.03	-0.65	
78.8	1.03	-0.65	1.03	-0.66	1.03	-0.65	
78.9	1.03	-0.65	1.03	-0.66	1.03	-0.65	
79.0	1.03	-0.65	1.03	-0.66	1.03	-0.65	
79.1	1.03	-0.65	1.03	-0.66	1.03	-0.65	
79.2	1.03	-0.65	1.03	-0.66	1.03	-0.65	
79.3	1.03	-0.65	1.03	-0.66	1.03	-0.65	
79.4	1.03	-0.65	1.03	-0.66	1.03	-0.65	
79.5	1.03	-0.65	1.03	-0.66	1.03	-0.65	
79.6	1.03	-0.65	1.03	-0.66	1.03	-0.65	
79.7	1.03	-0.65	1.03	-0.66	1.03	-0.65	
79.8	1.03	-0.65	1.03	-0.66	1.03	-0.65	
79.9	1.03	-0.65	1.03	-0.66	1.03	-0.65	
80.0	1.03	-0.65	1.03	-0.66	1.03	-0.65	
80.1	1.03	-0.65	1.03	-0.66	1.03	-0.65	
80.2	1.03	-0.65	1.03	-0.66	1.03	-0.65	
80.3	1.03	-0.65	1.03	-0.66	1.03	-0.65	
80.4	1.03	-0.65	1.03	-0.66	1.03	-0.65	
80.5	1.03	-0.65	1.03	-0.66	1.03	-0.65	
80.6	1.03	-0.65	1.03	-0.66	1.03	-0.65	
80.7	1.03	-0.65	1.03	-0.66	1.03	-0.65	
80.8	1.03	-0.65	1.03	-0.66	1.03	-0.65	
80.9	1.03	-0.65	1.03	-0.66	1.03	-0.65	
81.0	1.03	-0.65	1.03	-0.66	1.03	-0.65	
81.1	1.03	-0.65	1.03	-0.66	1.03	-0.65	
81.2	1.03	-0.65	1.03	-0.66	1.03	-0.65	
81.3	1.03	-0.65	1.03	-0.66	1.03	-0.65	
81.4	1.03	-0.65	1.03	-0.66	1.03	-0.65	
81.5	1.03	-0.65	1.03	-0.66	1.03	-0.65	
81.6	1.03	-0.65	1.03	-0.66	1.03	-0.65	
81.7	1.03	-0.65	1.03	-0.66	1.03	-0.65	
81.8	1.03	-0.65	1.03	-0.66	1.03	-0.65	
81.9	1.03	-0.65	1.03	-0.66	1.03	-0.65	
82.0	1.03	-0.65	1.03	-0.66	1.03	-0.65	
82.1	1.03	-0.65	1.03	-0.66	1.03	-0.65	
82.2	1.03	-0.65	1.03	-0.66	1.03	-0.65	
82.3	1.03	-0.65	1.03	-0.66	1.03	-0.65	
82.4	1.03	-0.65	1.03	-0.66	1.03	-0.65	
82.5	1.03	-0.65	1.03	-0.66	1.03	-0.65	
82.6	1.03	-0.65	1.03	-0.66	1.03	-0.65	
82.7	1.03	-0.65	1.03	-0.66	1.03	-0.65	
82.8	1.03	-0.65	1.03	-0.66	1.03	-0.65	
82.9	1.03	-0.65	1.03	-0.66	1.03	-0.65	
83.0	1.03	-0.65	1.03	-0.66	1.03	-0.65	
83.1	1.03	-0.65	1.03	-0.66	1.03	-0.65	
83.2	1.03	-0.65	1.03	-0.66	1.03	-0.65	
83.3	1.03	-0.65	1.03	-0.66	1.03	-0.65	
83.4	1.03	-0.65	1.03	-0.66	1.03	-0.65	
83.5	1.03	-0.65	1.03	-0.66	1.03	-0.65	
83.6	1.03	-0.65	1.03	-0.66	1.03	-0.65	
83.7	1.03	-0.65	1.03	-0.66	1.03	-0.65	
83.8	1.03	-0.65	1.03	-0.66	1.03	-0.65	
83.9	1.03	-0.65	1.03	-0.66	1.03	-0.65	
84.0	1.03	-0.65	1.03	-0.66	1.03	-0.65	
84.1	1.03	-0.65	1.03	-0.66	1.03	-0.65	
84.2	1.03	-0.65	1.03	-0.66	1.03	-0.65	
84.3	1.03	-0.65	1.03	-0.66	1.03	-0.65	
84.4	1.03	-0.65	1.03	-0.66	1.03	-0.65	
84.5	1.03	-0.65	1.03	-0.66	1.03	-0.65	
84.6	1.03	-0.65	1.03	-0.66	1.03	-0.65	
84.7	1.03	-0.65	1.03	-0.66	1.03	-0.65	
84.8	1.03	-0.65	1.03	-0.66	1.03	-0.65	
84.9	1.03	-0.65	1.03	-0.66	1.03	-0.65	
85.0	1.03	-0.65	1.03	-0.66	1.03	-0.65	
85.1	1.03	-0.65	1.03	-0.66	1.03	-0.65	
85.2	1.03	-0.65	1.03	-0.66	1.03	-0.65	
85.3	1.03	-0.65	1.03	-0.66	1.03	-0.65	
85.4	1.03	-0.65	1.03	-0.66	1.03	-0.65	
85.5	1.03	-0.65	1.03	-0.66	1.03	-0.65	
85.6	1.03	-0.65	1.03	-0.66	1.03	-0.65	
85.7	1.03	-0.65	1.03	-0.66	1.03	-0.65	
85.8	1.03	-0.65	1.03	-0.66	1.03	-0.65	
85.9	1.03	-0.65	1.03	-0.66	1.03	-0.65	
86.0	1.03	-0.65	1.03	-0.66	1.03	-0.65	
86.1	1.03	-0.65	1.03	-0.66	1.03	-0.65	
86.2	1.03	-0.65	1.03	-0.66	1.03	-0.65	
86.3	1.03	-0.65	1.03	-0.66	1.03	-0.65	
86.4	1.03	-0.65	1.03	-0.66	1.03	-0.65	
86.5	1.03	-0.65	1.03	-0.66	1.03	-0.65	
86.6	1.03	-0.65	1.03	-0.66	1.03	-0.65	
86.7	1.03	-0.65	1.03	-0.66	1.03	-0.65	
86.8	1.03	-0.65	1.03	-0.66	1.03	-0.65	
86.9	1.03	-0.65	1.03	-0.66	1.03	-0.65	
87.0	1.03	-0.65	1.03	-0.66	1.03	-0.65	
87.1	1.03	-0.65	1.03	-0.66	1.03	-0.65	
87.2	1.03	-0.65	1.03	-0.66	1.03	-0.65	
87.3	1.03	-0.65	1.03	-0.66	1.03	-0.65	
87.4	1.03	-0.65	1.03	-0.66	1.03	-0.65	
87.5	1.03	-0.65	1.03	-0.66	1.03	-0.65	
87.6	1.03	-0.65	1.03	-0.66	1.03	-0.65	
87.7	1.03	-0.65	1.03	-0.66	1.03	-0.65	
87.8	1.03	-0.65	1.03	-0.66	1.03	-0.65	
87.9	1.03	-0.65	1.03	-0.66	1.03	-0.65	
88.0	1.03	-0.65	1.03	-0.66	1.03	-0.65	
88.1	1.03	-0.65	1.03	-0.66	1.03	-0.65	
88.2	1.03	-0.65	1.03	-0.66	1.03	-0.65	
88.3	1.03	-0.65	1.03	-0.66	1.03	-0.65	
88.4	1.03	-0.65	1.03	-0.66	1.03	-0.65	
88.5	1.03	-0.65	1.03	-0.66	1.03	-0.65	
88.6	1.03	-0.65	1.03	-0.66	1.03	-0.65	
88.7	1.03	-0.65	1.03	-0.66	1.03	-0.65	
88.8	1.03	-0.65	1.03	-0.66	1.03	-0.65	
88.9	1.03	-0.65	1.03	-0.66	1.03	-0.65	
89.0	1.03	-0.65	1.03	-0.66	1.03	-0.65	
89.1	1.03	-0.65	1.03	-0.66	1.03	-0.65	
89.2	1.03	-0.65	1.03	-0.66	1.03	-0.65	
89.3	1.03	-0.65	1.03	-0.66	1.03	-0.65	
89.4	1.03	-0.65	1.03	-0.66	1.03	-0.65	
89.5	1.03	-0.65	1.03	-0.66	1.03	-0.65	
89.6	1.03	-0.65	1.03	-0.66	1.03	-0.65	
89.7	1.03	-0.65	1.03	-0.66	1.03	-0.65	
89.8	1.03	-0.65	1.03	-0.66	1.03	-0.65	
89.9	1.03	-0.65	1.03	-0.66	1.03	-0.65	
90.0	1.03	-0.65	1.03	-0.66	1.03	-0.65	
90.1	1.03	-0.65	1.03	-0.66	1.03	-0.65	
90.2	1.03	-0.65	1.03	-0.66	1.03	-0.65	
90.3	1.03	-0.65	1.03	-0.66	1.03	-0.65	
90.4	1.03	-0.65	1.03	-0.66	1.03	-0.65	
90.5	1.03	-0.65	1.03	-0.66	1.03	-0.65	
90.6	1.03	-0.65	1.03	-0.66	1.03	-0.65	
90.7	1.03	-0.65	1.03	-0.66	1.03	-0.65	
90.8	1.03	-0.65	1.03	-0.66	1.03	-0.65	
90.9	1.03	-0.65	1.03	-0.66	1.03	-0.65	
91.0	1.03	-0.65	1.03	-0.66	1.03	-0.65	
91.1	1.03	-0.65	1.03	-0.66	1.03	-0.65	
91.2	1.03	-0.65	1.03	-0.66	1.03	-0.65	
91.3	1.03	-0.65	1.03	-0.66	1.03	-0.65	
91.4	1.03	-0.65	1.03	-0.66	1.03	-0.65	
91.5	1.03	-0.65	1.03	-0.66	1.03	-0.65	
91.6	1.03	-0.65	1.03	-0.66	1.03	-0.65	
91.7	1.03	-0.65	1.03	-0.66	1.03	-0.65	
91.8	1.03	-0.65	1.03	-0.66	1.03	-0.65	
91.9	1.03	-0.65	1.03	-0.66	1.03	-0.65	
92.0	1.03	-0.65	1.03	-0.66	1.03	-0.65	
92.1	1.03	-0.65	1.03	-0.66	1.03	-0.65	
92.2	1.03	-0.65	1.03	-0.66	1.03	-0.65	
92.3	1.03	-0.65	1.03	-0.66	1.03	-0.65	
92.4	1.03	-0.65	1.03	-0.66	1.03	-0.65	
92.5	1.03	-0.65	1.03	-0.66	1.03	-0.65	
92.6	1.03	-0.65	1.03	-0.66	1.03	-0.65	
92.7	1.03	-0.65	1.03	-0.66	1.03	-0.65	
92.8	1.03	-0.65	1.03	-0.66	1.03	-0.65	
92.9	1.03	-0.65	1.03	-0.66	1.03	-0.65	
93.0	1.03	-0.65	1.03	-0.66	1.03	-0.65	
93.1	1.03	-0.65	1.03	-0.66	1.03	-0.65	
93.2	1.03	-0.65	1.03	-0.66	1.03	-0.65	
93.3	1.03	-0.65	1.03	-0.66	1.03	-0.65	
93.4	1.03	-0.65	1.03	-0.66	1.03	-0.65	
93.5	1.03	-0.65	1.03	-0.66	1.03	-0.65	
93.6	1.03	-0.65	1.03	-0.66	1.03	-0.65	
93.7	1.03	-0.65	1.03	-0.66	1.03	-0.65	
93.8	1.03	-0.65	1.03	-0.66	1.03	-0.65	
93.9	1.03	-0.65	1.03	-0.66	1.03	-0.65	
94.0	1.03	-0.65	1.03	-0.66	1.03	-0.65	
94.1	1.03	-0.65	1.03	-0.66	1.03	-0.65	
94.2	1.03	-0.65	1.03	-0.66	1.03	-0.65	
94.3	1.03	-0.65	1.03	-0.66	1.03	-0.65	
94.4	1.03	-0.65	1.03	-0.66	1.03	-0.65	
94.5	1.03	-0.65	1.03	-0.66	1.03	-0.65	
94.6	1.03	-0.65	1.03	-0.66	1.03	-0.65	
94.7	1.03	-0.65	1.03	-0.66	1.03	-0.65	
94.8	1.03	-0.65	1.03	-0.66	1.03	-0.65	
94.9	1.03	-0.65	1.03	-0.66	1.03	-0.65	
95.0	1.03	-0.65	1.03	-0.66	1.03	-0.65	
95.1	1.03	-0.65	1.03	-0.66	1.03	-0.65	
95.2	1.03	-0.65	1.03	-0.66	1.03	-0.65	
95.3	1.03	-0.65	1.03	-0.66	1.03	-0.65	
95.4	1.03	-0.65	1.03	-0.66	1.03	-0.65	
95.5	1.03	-0.65	1.03	-0.66	1.03	-0.65	
95.6	1.03	-0.65	1.03	-0.66	1.03	-0.65	
95.7	1.03	-0.65	1.03	-0.66	1.03	-0.65	
95.8	1.03	-0.65	1.03	-0.66	1.03	-0.65	
95.9	1.03	-0.65	1.03	-0.66	1.03	-0.65	
96.0	1.03	-0.65	1.03	-0.66	1.03	-0.65	
96.1	1.03	-0.65	1.03	-0.66	1.03	-0.65	
96.2	1.03	-0.65	1.03	-0.66	1.03	-0.65	
96.3	1.03	-0.65	1.03	-0.66	1.03	-0.65	
96.4	1.03	-0.65	1.03	-0.66	1.03	-0.65	
96.5	1.03	-0.65	1.03	-0.66	1.03	-0.65	
96.6	1.03	-0.65	1.03	-0.66	1.03	-0.65	
96.7	1.03	-0.65	1.03	-0.66	1.03	-0.65	
96.8	1.03	-0.65	1.03	-0.66	1.03	-0.65	
96.9	1.03	-0.65	1.03	-0.66	1.03	-0.65	
97.0	1.03	-0.65	1.03	-0.66	1.03	-0.65	
97.1	1.03	-0.65	1.03	-0.66	1.03	-0.65	
97.2	1.03	-0.65	1.03	-0.66	1.03	-0.65	
97.3	1.03	-0.65	1.03	-0.66	1.03	-0.65	
97.4	1.03	-0.65	1.03	-0.66	1.03	-0.65	
97.5	1.03	-0.65	1.03	-0.66	1.03	-0.65	
97.6	1.03	-0.65	1.03	-0.66	1.03	-0.65	
97.7	1.03	-0.65	1.03	-0.66	1.03	-0.65	
97.8	1.03	-0.65	1.03	-0.66	1.03	-0.65	
97.9	1.03	-0.65	1.03	-0.66	1.03	-0.65	
98.0	1.03	-0.65	1.03	-0.66	1.03	-0.65	
98.1	1.03	-0.65	1.03	-0.66	1.03	-0.65	
98.2	1.03	-0.65	1.03	-0.66	1.03	-0.65	
98.3	1.03	-0.65	1.03	-0.66	1.03	-0.65	
98.4	1.03	-0.65	1.03	-0.66	1.03	-0.65	
98.5	1.03	-0.65	1.03	-0.66	1.03	-0.65	
98.6	1.03	-0.65	1.03	-0.66	1.03	-0.65	
98.7	1.03	-0.65	1.03	-0.66	1.03	-0.65	
98.8	1.03	-0.65	1.03	-0.66	1.03	-0.65	
98.9	1.03	-0.65	1.03	-0.66	1.03	-0.65	
99.0	1.03	-0.65	1.03	-0.66	1.03	-0.65	
99.1	1.03	-0.65	1.03	-0.66	1.03	-0.65	
99.2	1.03	-0.65	1.03	-0.66	1.03	-0.65	
99.3	1.03	-0.65	1.03	-0.66	1.03	-0.65	
99.4	1.03	-0.65	1.03	-0.66	1.03	-0.65	
99.5	1.03	-0.65	1.03	-0.66	1.03	-0.65	
99.6	1.03	-0.65	1.03	-0.66	1.03	-0.65	
99.7	1.03	-0.65	1.03	-0.66	1.03	-0.65	
99.8	1.03	-0.65	1.03	-0.66	1.03	-0.65	
99.9	1.03	-0.65	1.03	-0.66	1.03	-0.65	
